gi|527243141|ref|XP_005139925.1|	XP_012965368.1	85.09	114	11	1	47	160	128	235	4e-63	193
gi|527243141|ref|XP_005139925.1|	XP_009553758.1	85.00	40	6	0	29	68	64	103	6e-18	73.9
gi|527243141|ref|XP_005139925.1|	XP_009944609.1	49.06	53	24	1	19	68	5	57	2e-12	57.8
gi|527243141|ref|XP_005139925.1|	XP_010083852.1	50.00	44	22	0	25	68	9	52	5e-12	55.8
gi|527243141|ref|XP_005139925.1|	XP_005997459.1	42.11	57	28	1	15	71	56	107	2e-11	55.1
gi|527243141|ref|XP_005139925.1|	XP_012965368.1	85.09	114	11	1	47	160	128	235	1e-70	213
gi|527243141|ref|XP_005139925.1|	XP_009865529.1	38.33	60	29	1	11	70	36	87	5e-25	92.0
gi|527243141|ref|XP_005139925.1|	XP_009975500.1	38.98	59	28	1	12	70	37	87	2e-24	90.5
gi|527243141|ref|XP_005139925.1|	XP_010406264.1	38.33	60	29	1	12	71	75	126	5e-24	90.5
gi|527243141|ref|XP_005139925.1|	XP_009944609.1	47.27	55	26	1	19	70	5	59	6e-24	90.1
gi|527243141|ref|XP_005139925.1|	XP_012965368.1	85.09	114	11	1	47	160	128	235	9e-72	216
gi|527243141|ref|XP_005139925.1|	XP_010083852.1	44.23	52	29	0	19	70	3	54	3e-27	97.0
gi|527243141|ref|XP_005139925.1|	XP_009865529.1	38.33	60	29	1	11	70	36	87	2e-26	95.9
gi|527243141|ref|XP_005139925.1|	XP_009944609.1	47.27	55	26	1	19	70	5	59	3e-26	96.2
gi|527243141|ref|XP_005139925.1|	XP_009975500.1	38.98	59	28	1	12	70	37	87	1e-25	93.5

Search has CONVERGED!

gi|527243141|ref|XP_005139925.1|	XP_012965368.1	85.09	114	11	1	47	160	128	235	4e-63	193
gi|527243141|ref|XP_005139925.1|	XP_009553758.1	85.00	40	6	0	29	68	64	103	6e-18	73.9
gi|527243141|ref|XP_005139925.1|	XP_009944609.1	49.06	53	24	1	19	68	5	57	2e-12	57.8
gi|527243141|ref|XP_005139925.1|	XP_010083852.1	50.00	44	22	0	25	68	9	52	5e-12	55.8
gi|527243141|ref|XP_005139925.1|	XP_005997459.1	42.11	57	28	1	15	71	56	107	2e-11	55.1
gi|527243141|ref|XP_005139925.1|	XP_012965368.1	85.09	114	11	1	47	160	128	235	1e-70	213
gi|527243141|ref|XP_005139925.1|	XP_009865529.1	38.33	60	29	1	11	70	36	87	5e-25	92.0
gi|527243141|ref|XP_005139925.1|	XP_009975500.1	38.98	59	28	1	12	70	37	87	2e-24	90.5
gi|527243141|ref|XP_005139925.1|	XP_010406264.1	38.33	60	29	1	12	71	75	126	5e-24	90.5
gi|527243141|ref|XP_005139925.1|	XP_009944609.1	47.27	55	26	1	19	70	5	59	6e-24	90.1
gi|527243141|ref|XP_005139925.1|	XP_012965368.1	85.09	114	11	1	47	160	128	235	9e-72	216
gi|527243141|ref|XP_005139925.1|	XP_010083852.1	44.23	52	29	0	19	70	3	54	3e-27	97.0
gi|527243141|ref|XP_005139925.1|	XP_009865529.1	38.33	60	29	1	11	70	36	87	2e-26	95.9
gi|527243141|ref|XP_005139925.1|	XP_009944609.1	47.27	55	26	1	19	70	5	59	3e-26	96.2
gi|527243141|ref|XP_005139925.1|	XP_009975500.1	38.98	59	28	1	12	70	37	87	1e-25	93.5

Search has CONVERGED!

gi|527243141|ref|XP_005139925.1|	XP_012965368.1	85.09	114	11	1	47	160	128	235	4e-63	193
gi|527243141|ref|XP_005139925.1|	XP_009553758.1	85.00	40	6	0	29	68	64	103	6e-18	73.9
gi|527243141|ref|XP_005139925.1|	XP_009944609.1	49.06	53	24	1	19	68	5	57	2e-12	57.8
gi|527243141|ref|XP_005139925.1|	XP_010083852.1	50.00	44	22	0	25	68	9	52	5e-12	55.8
gi|527243141|ref|XP_005139925.1|	XP_005997459.1	42.11	57	28	1	15	71	56	107	2e-11	55.1
gi|527243141|ref|XP_005139925.1|	XP_012965368.1	85.09	114	11	1	47	160	128	235	1e-70	213
gi|527243141|ref|XP_005139925.1|	XP_009865529.1	38.33	60	29	1	11	70	36	87	5e-25	92.0
gi|527243141|ref|XP_005139925.1|	XP_009975500.1	38.98	59	28	1	12	70	37	87	2e-24	90.5
gi|527243141|ref|XP_005139925.1|	XP_010406264.1	38.33	60	29	1	12	71	75	126	5e-24	90.5
gi|527243141|ref|XP_005139925.1|	XP_009944609.1	47.27	55	26	1	19	70	5	59	6e-24	90.1
gi|527243141|ref|XP_005139925.1|	XP_012965368.1	85.09	114	11	1	47	160	128	235	9e-72	216
gi|527243141|ref|XP_005139925.1|	XP_010083852.1	44.23	52	29	0	19	70	3	54	3e-27	97.0
gi|527243141|ref|XP_005139925.1|	XP_009865529.1	38.33	60	29	1	11	70	36	87	2e-26	95.9
gi|527243141|ref|XP_005139925.1|	XP_009944609.1	47.27	55	26	1	19	70	5	59	3e-26	96.2
gi|527243141|ref|XP_005139925.1|	XP_009975500.1	38.98	59	28	1	12	70	37	87	1e-25	93.5

Search has CONVERGED!

gi|527243141|ref|XP_005139925.1|	XP_012965368.1	85.09	114	11	1	47	160	128	235	4e-63	193
gi|527243141|ref|XP_005139925.1|	XP_009553758.1	85.00	40	6	0	29	68	64	103	6e-18	73.9
gi|527243141|ref|XP_005139925.1|	XP_009944609.1	49.06	53	24	1	19	68	5	57	2e-12	57.8
gi|527243141|ref|XP_005139925.1|	XP_010083852.1	50.00	44	22	0	25	68	9	52	5e-12	55.8
gi|527243141|ref|XP_005139925.1|	XP_005997459.1	42.11	57	28	1	15	71	56	107	2e-11	55.1
gi|527243141|ref|XP_005139925.1|	XP_012965368.1	85.09	114	11	1	47	160	128	235	1e-70	213
gi|527243141|ref|XP_005139925.1|	XP_009865529.1	38.33	60	29	1	11	70	36	87	5e-25	92.0
gi|527243141|ref|XP_005139925.1|	XP_009975500.1	38.98	59	28	1	12	70	37	87	2e-24	90.5
gi|527243141|ref|XP_005139925.1|	XP_010406264.1	38.33	60	29	1	12	71	75	126	5e-24	90.5
gi|527243141|ref|XP_005139925.1|	XP_009944609.1	47.27	55	26	1	19	70	5	59	6e-24	90.1
gi|527243141|ref|XP_005139925.1|	XP_012965368.1	85.09	114	11	1	47	160	128	235	9e-72	216
gi|527243141|ref|XP_005139925.1|	XP_010083852.1	44.23	52	29	0	19	70	3	54	3e-27	97.0
gi|527243141|ref|XP_005139925.1|	XP_009865529.1	38.33	60	29	1	11	70	36	87	2e-26	95.9
gi|527243141|ref|XP_005139925.1|	XP_009944609.1	47.27	55	26	1	19	70	5	59	3e-26	96.2
gi|527243141|ref|XP_005139925.1|	XP_009975500.1	38.98	59	28	1	12	70	37	87	1e-25	93.5

Search has CONVERGED!

gi|527243141|ref|XP_005139925.1|	XP_012965368.1	85.09	114	11	1	47	160	128	235	4e-63	193
gi|527243141|ref|XP_005139925.1|	XP_009553758.1	85.00	40	6	0	29	68	64	103	6e-18	73.9
gi|527243141|ref|XP_005139925.1|	XP_009944609.1	49.06	53	24	1	19	68	5	57	2e-12	57.8
gi|527243141|ref|XP_005139925.1|	XP_010083852.1	50.00	44	22	0	25	68	9	52	5e-12	55.8
gi|527243141|ref|XP_005139925.1|	XP_005997459.1	42.11	57	28	1	15	71	56	107	2e-11	55.1
gi|527243141|ref|XP_005139925.1|	XP_012965368.1	85.09	114	11	1	47	160	128	235	1e-70	213
gi|527243141|ref|XP_005139925.1|	XP_009865529.1	38.33	60	29	1	11	70	36	87	5e-25	92.0
gi|527243141|ref|XP_005139925.1|	XP_009975500.1	38.98	59	28	1	12	70	37	87	2e-24	90.5
gi|527243141|ref|XP_005139925.1|	XP_010406264.1	38.33	60	29	1	12	71	75	126	5e-24	90.5
gi|527243141|ref|XP_005139925.1|	XP_009944609.1	47.27	55	26	1	19	70	5	59	6e-24	90.1
gi|527243141|ref|XP_005139925.1|	XP_012965368.1	85.09	114	11	1	47	160	128	235	9e-72	216
gi|527243141|ref|XP_005139925.1|	XP_010083852.1	44.23	52	29	0	19	70	3	54	3e-27	97.0
gi|527243141|ref|XP_005139925.1|	XP_009865529.1	38.33	60	29	1	11	70	36	87	2e-26	95.9
gi|527243141|ref|XP_005139925.1|	XP_009944609.1	47.27	55	26	1	19	70	5	59	3e-26	96.2
gi|527243141|ref|XP_005139925.1|	XP_009975500.1	38.98	59	28	1	12	70	37	87	1e-25	93.5

Search has CONVERGED!

gi|527243141|ref|XP_005139925.1|	XP_012965368.1	85.09	114	11	1	47	160	128	235	4e-63	193
gi|527243141|ref|XP_005139925.1|	XP_009553758.1	85.00	40	6	0	29	68	64	103	6e-18	73.9
gi|527243141|ref|XP_005139925.1|	XP_009944609.1	49.06	53	24	1	19	68	5	57	2e-12	57.8
gi|527243141|ref|XP_005139925.1|	XP_010083852.1	50.00	44	22	0	25	68	9	52	5e-12	55.8
gi|527243141|ref|XP_005139925.1|	XP_005997459.1	42.11	57	28	1	15	71	56	107	2e-11	55.1
gi|527243141|ref|XP_005139925.1|	XP_012965368.1	85.09	114	11	1	47	160	128	235	1e-70	213
gi|527243141|ref|XP_005139925.1|	XP_009865529.1	38.33	60	29	1	11	70	36	87	5e-25	92.0
gi|527243141|ref|XP_005139925.1|	XP_009975500.1	38.98	59	28	1	12	70	37	87	2e-24	90.5
gi|527243141|ref|XP_005139925.1|	XP_010406264.1	38.33	60	29	1	12	71	75	126	5e-24	90.5
gi|527243141|ref|XP_005139925.1|	XP_009944609.1	47.27	55	26	1	19	70	5	59	6e-24	90.1
gi|527243141|ref|XP_005139925.1|	XP_012965368.1	85.09	114	11	1	47	160	128	235	9e-72	216
gi|527243141|ref|XP_005139925.1|	XP_010083852.1	44.23	52	29	0	19	70	3	54	3e-27	97.0
gi|527243141|ref|XP_005139925.1|	XP_009865529.1	38.33	60	29	1	11	70	36	87	2e-26	95.9
gi|527243141|ref|XP_005139925.1|	XP_009944609.1	47.27	55	26	1	19	70	5	59	3e-26	96.2
gi|527243141|ref|XP_005139925.1|	XP_009975500.1	38.98	59	28	1	12	70	37	87	1e-25	93.5

Search has CONVERGED!

gi|527243141|ref|XP_005139925.1|	XP_012965368.1	85.09	114	11	1	47	160	128	235	4e-63	193
gi|527243141|ref|XP_005139925.1|	XP_009553758.1	85.00	40	6	0	29	68	64	103	6e-18	73.9
gi|527243141|ref|XP_005139925.1|	XP_009944609.1	49.06	53	24	1	19	68	5	57	2e-12	57.8
gi|527243141|ref|XP_005139925.1|	XP_010083852.1	50.00	44	22	0	25	68	9	52	5e-12	55.8
gi|527243141|ref|XP_005139925.1|	XP_005997459.1	42.11	57	28	1	15	71	56	107	2e-11	55.1
gi|527243141|ref|XP_005139925.1|	XP_012965368.1	85.09	114	11	1	47	160	128	235	1e-70	213
gi|527243141|ref|XP_005139925.1|	XP_009865529.1	38.33	60	29	1	11	70	36	87	5e-25	92.0
gi|527243141|ref|XP_005139925.1|	XP_009975500.1	38.98	59	28	1	12	70	37	87	2e-24	90.5
gi|527243141|ref|XP_005139925.1|	XP_010406264.1	38.33	60	29	1	12	71	75	126	5e-24	90.5
gi|527243141|ref|XP_005139925.1|	XP_009944609.1	47.27	55	26	1	19	70	5	59	6e-24	90.1
gi|527243141|ref|XP_005139925.1|	XP_012965368.1	85.09	114	11	1	47	160	128	235	9e-72	216
gi|527243141|ref|XP_005139925.1|	XP_010083852.1	44.23	52	29	0	19	70	3	54	3e-27	97.0
gi|527243141|ref|XP_005139925.1|	XP_009865529.1	38.33	60	29	1	11	70	36	87	2e-26	95.9
gi|527243141|ref|XP_005139925.1|	XP_009944609.1	47.27	55	26	1	19	70	5	59	3e-26	96.2
gi|527243141|ref|XP_005139925.1|	XP_009975500.1	38.98	59	28	1	12	70	37	87	1e-25	93.5

Search has CONVERGED!

gi|527243141|ref|XP_005139925.1|	XP_012965368.1	85.09	114	11	1	47	160	128	235	4e-63	193
gi|527243141|ref|XP_005139925.1|	XP_009553758.1	85.00	40	6	0	29	68	64	103	6e-18	73.9
gi|527243141|ref|XP_005139925.1|	XP_009944609.1	49.06	53	24	1	19	68	5	57	2e-12	57.8
gi|527243141|ref|XP_005139925.1|	XP_010083852.1	50.00	44	22	0	25	68	9	52	5e-12	55.8
gi|527243141|ref|XP_005139925.1|	XP_005997459.1	42.11	57	28	1	15	71	56	107	2e-11	55.1
gi|527243141|ref|XP_005139925.1|	XP_012965368.1	85.09	114	11	1	47	160	128	235	1e-70	213
gi|527243141|ref|XP_005139925.1|	XP_009865529.1	38.33	60	29	1	11	70	36	87	5e-25	92.0
gi|527243141|ref|XP_005139925.1|	XP_009975500.1	38.98	59	28	1	12	70	37	87	2e-24	90.5
gi|527243141|ref|XP_005139925.1|	XP_010406264.1	38.33	60	29	1	12	71	75	126	5e-24	90.5
gi|527243141|ref|XP_005139925.1|	XP_009944609.1	47.27	55	26	1	19	70	5	59	6e-24	90.1
gi|527243141|ref|XP_005139925.1|	XP_012965368.1	85.09	114	11	1	47	160	128	235	9e-72	216
gi|527243141|ref|XP_005139925.1|	XP_010083852.1	44.23	52	29	0	19	70	3	54	3e-27	97.0
gi|527243141|ref|XP_005139925.1|	XP_009865529.1	38.33	60	29	1	11	70	36	87	2e-26	95.9
gi|527243141|ref|XP_005139925.1|	XP_009944609.1	47.27	55	26	1	19	70	5	59	3e-26	96.2
gi|527243141|ref|XP_005139925.1|	XP_009975500.1	38.98	59	28	1	12	70	37	87	1e-25	93.5

Search has CONVERGED!

