HMMER3/b [3.0 | March 2010]
NAME  CLR
LENG  102
ALPH  amino
RF    no
CS    no
MAP   yes
DATE  Wed Mar  2 13:45:00 2016
NSEQ  31
EFFN  0.442749
CKSUM 2674394688
STATS LOCAL MSV       -9.8902  0.71691
STATS LOCAL VITERBI  -10.5381  0.71691
STATS LOCAL FORWARD   -3.9485  0.71691
HMM          A        C        D        E        F        G        H        I        K        L        M        N        P        Q        R        S        T        V        W        Y   
            m->m     m->i     m->d     i->m     i->i     d->m     d->d
  COMPO   2.63271  3.51358  2.82146  2.68455  3.30261  2.93932  3.68251  2.99255  2.64196  2.77922  3.79223  2.93757  3.36510  2.98116  2.90946  2.69066  2.70844  2.77180  3.74158  3.31981
          2.68618  4.42225  2.77519  2.73123  3.46354  2.40513  3.72494  3.29354  2.67741  2.69355  4.24690  2.90347  2.73739  3.18146  2.89801  2.37887  2.77519  2.98518  4.58477  3.61503
          0.03285  3.82798  4.55032  0.61958  0.77255  0.00000        *
      1   2.18187  4.14944  3.11476  2.87896  4.22291  1.92931  4.04777  3.64624  3.00334  3.32870  4.15987  3.12195  3.61103  3.30236  3.33991  1.71073  2.51961  3.11418  5.55194  4.30971      1 - -
          2.68618  4.42225  2.77519  2.73123  3.46354  2.40513  3.72494  3.29354  2.67741  2.69355  4.24690  2.90347  2.73739  3.18146  2.89801  2.37887  2.77519  2.98518  4.58477  3.61503
          0.03285  3.82798  4.55032  0.61958  0.77255  0.48576  0.95510
      2   2.77317  4.32894  4.06304  3.72559  3.51846  3.67701  4.53527  2.05533  3.59265  2.21381  3.49119  3.92232  4.24056  3.95603  3.80929  3.17837  3.13617  1.08304  5.29510  4.02359      2 - -
          2.68618  4.42225  2.77519  2.73123  3.46354  2.40513  3.72494  3.29354  2.67741  2.69355  4.24690  2.90347  2.73739  3.18146  2.89801  2.37887  2.77519  2.98518  4.58477  3.61503
          0.03285  3.82798  4.55032  0.61958  0.77255  0.48576  0.95510
      3   2.39023  4.23494  3.39001  3.14091  3.93094  3.07544  4.16144  3.05270  3.08299  2.91774  3.97179  3.35687  3.77598  3.48025  3.34333  2.59109  1.24966  2.75244  5.37271  4.14781      3 - -
          2.68618  4.42225  2.77519  2.73123  3.46354  2.40513  3.72494  3.29354  2.67741  2.69355  4.24690  2.90347  2.73739  3.18146  2.89801  2.37887  2.77519  2.98518  4.58477  3.61503
          0.03285  3.82798  4.55032  0.61958  0.77255  0.48576  0.95510
      4   2.88411  4.87145  3.28959  2.77205  4.16905  3.48939  3.64130  3.66040  2.02041  3.16216  4.10535  3.16359  3.94041  2.70235  1.33154  2.93508  3.11606  3.37495  5.27042  4.03796      4 - -
          2.68618  4.42225  2.77519  2.73123  3.46354  2.40513  3.72494  3.29354  2.67741  2.69355  4.24690  2.90347  2.73739  3.18146  2.89801  2.37887  2.77519  2.98518  4.58477  3.61503
          0.03285  3.82798  4.55032  0.61958  0.77255  0.48576  0.95510
      5   2.68787  4.68164  2.68615  2.56755  4.03831  3.15515  3.88733  3.73987  2.78773  3.39205  4.34818  1.23936  3.80520  3.16067  3.14030  2.75718  3.06867  3.36658  5.34946  3.99035      5 - -
          2.68618  4.42225  2.77519  2.73123  3.46354  2.40513  3.72494  3.29354  2.67741  2.69355  4.24690  2.90347  2.73739  3.18146  2.89801  2.37887  2.77519  2.98518  4.58477  3.61503
          0.03285  3.82798  4.55032  0.61958  0.77255  0.48576  0.95510
      6   2.93261  4.89300  3.10555  2.73638  4.26924  3.42601  3.73662  3.69590  1.10091  3.27113  4.23573  3.16254  3.93013  2.93119  2.42610  2.97797  3.18959  3.40647  5.34281  4.14945      6 - -
          2.68618  4.42225  2.77519  2.73123  3.46354  2.40513  3.72494  3.29354  2.67741  2.69355  4.24690  2.90347  2.73739  3.18146  2.89801  2.37887  2.77519  2.98518  4.58477  3.61503
          0.03285  3.82798  4.55032  0.61958  0.77255  0.48576  0.95510
      7   2.99654  4.42870  4.27086  3.88563  3.34507  4.01716  4.62256  1.13481  3.71283  1.94116  3.28831  4.13725  4.45337  4.06620  3.91455  3.50882  3.29682  1.84704  5.22611  3.96001      7 - -
          2.68618  4.42225  2.77519  2.73123  3.46354  2.40513  3.72494  3.29354  2.67741  2.69355  4.24690  2.90347  2.73739  3.18146  2.89801  2.37887  2.77519  2.98518  4.58477  3.61503
          0.03285  3.82798  4.55032  0.61958  0.77255  0.48576  0.95510
      8   2.89033  4.41850  4.14000  3.63950  3.18460  3.92195  4.38911  2.16985  3.45372  1.71764  1.80067  3.92540  4.31881  3.77216  3.68320  3.28935  3.17159  1.97662  5.06903  3.87000      8 - -
          2.68618  4.42225  2.77519  2.73123  3.46354  2.40513  3.72494  3.29354  2.67741  2.69355  4.24690  2.90347  2.73739  3.18146  2.89801  2.37887  2.77519  2.98518  4.58477  3.61503
          0.03285  3.82798  4.55032  0.61958  0.77255  0.48576  0.95510
      9   2.39023  4.23494  3.39001  3.14091  3.93094  3.07544  4.16144  3.05270  3.08299  2.91774  3.97179  3.35687  3.77598  3.48025  3.34333  2.59109  1.24966  2.75244  5.37271  4.14781      9 - -
          2.68618  4.42225  2.77519  2.73123  3.46354  2.40513  3.72494  3.29354  2.67741  2.69355  4.24690  2.90347  2.73739  3.18146  2.89801  2.37887  2.77519  2.98518  4.58477  3.61503
          0.03285  3.82798  4.55032  0.61958  0.77255  0.48576  0.95510
     10   1.07988  4.17126  3.41854  3.20870  4.00911  2.99680  4.23585  3.12806  3.22383  3.01162  4.04905  3.36920  3.73190  3.56928  3.47692  2.52230  2.79661  2.79022  5.44075  4.23623     10 - -
          2.68618  4.42225  2.77519  2.73123  3.46354  2.40513  3.72494  3.29354  2.67741  2.69355  4.24690  2.90347  2.73739  3.18146  2.89801  2.37887  2.77519  2.98518  4.58477  3.61503
          0.03285  3.82798  4.55032  0.61958  0.77255  0.48576  0.95510
     11   2.84712  4.82994  2.87529  2.63025  3.99235  3.33756  3.78785  3.61710  2.45436  3.12380  4.15381  3.08925  3.89096  1.31538  2.73903  2.89717  3.14455  3.34982  5.27271  3.96378     11 - -
          2.68618  4.42225  2.77519  2.73123  3.46354  2.40513  3.72494  3.29354  2.67741  2.69355  4.24690  2.90347  2.73739  3.18146  2.89801  2.37887  2.77519  2.98518  4.58477  3.61503
          0.03285  3.82798  4.55032  0.61958  0.77255  0.48576  0.95510
     12   3.27586  4.67789  4.15110  3.76903  1.80596  4.06804  3.44846  3.06364  3.64154  2.47397  3.70398  3.78946  4.42123  3.78152  3.80158  3.42917  3.51423  2.96934  3.67304  1.20265     12 - -
          2.68618  4.42225  2.77519  2.73123  3.46354  2.40513  3.72494  3.29354  2.67741  2.69355  4.24690  2.90347  2.73739  3.18146  2.89801  2.37887  2.77519  2.98518  4.58477  3.61503
          0.03285  3.82798  4.55032  0.61958  0.77255  0.48576  0.95510
     13   2.91557  5.01528  2.47138  1.09042  4.35618  3.24647  3.83049  3.80127  2.70552  3.42595  4.40281  2.91011  3.84920  3.04765  3.10908  2.90305  3.21976  3.49004  5.53622  4.25940     13 - -
          2.68618  4.42225  2.77519  2.73123  3.46354  2.40513  3.72494  3.29354  2.67741  2.69355  4.24690  2.90347  2.73739  3.18146  2.89801  2.37887  2.77519  2.98518  4.58477  3.61503
          0.03285  3.82798  4.55032  0.61958  0.77255  0.48576  0.95510
     14   2.53817  1.03539  4.04566  3.77577  3.77812  3.16982  4.43273  2.91533  3.60268  2.83247  3.95263  3.77465  3.87324  3.95069  3.73467  2.80960  3.00130  2.66274  5.20281  4.06590     14 - -
          2.68618  4.42225  2.77519  2.73123  3.46354  2.40513  3.72494  3.29354  2.67741  2.69355  4.24690  2.90347  2.73739  3.18146  2.89801  2.37887  2.77519  2.98518  4.58477  3.61503
          0.03285  3.82798  4.55032  0.61958  0.77255  0.48576  0.95510
     15   3.18432  4.69132  3.77319  3.49493  2.29673  3.77880  3.60007  3.19988  3.35374  2.66511  3.87976  3.66971  4.25404  3.67046  3.54627  3.32518  3.47099  3.06843  3.93854  1.04313     15 - -
          2.68618  4.42225  2.77519  2.73123  3.46354  2.40513  3.72494  3.29354  2.67741  2.69355  4.24690  2.90347  2.73739  3.18146  2.89801  2.37887  2.77519  2.98518  4.58477  3.61503
          0.03285  3.82798  4.55032  0.61958  0.77255  0.48576  0.95510
     16   2.84712  4.82994  2.87529  2.63025  3.99235  3.33756  3.78785  3.61710  2.45436  3.12380  4.15381  3.08925  3.89096  1.31538  2.73903  2.89717  3.14455  3.34982  5.27271  3.96378     16 - -
          2.68618  4.42225  2.77519  2.73123  3.46354  2.40513  3.72494  3.29354  2.67741  2.69355  4.24690  2.90347  2.73739  3.18146  2.89801  2.37887  2.77519  2.98518  4.58477  3.61503
          0.03285  3.82798  4.55032  0.61958  0.77255  0.48576  0.95510
     17   2.93261  4.89300  3.10555  2.73638  4.26924  3.42601  3.73662  3.69590  1.10091  3.27113  4.23573  3.16254  3.93013  2.93119  2.42610  2.97797  3.18959  3.40647  5.34281  4.14945     17 - -
          2.68618  4.42225  2.77519  2.73123  3.46354  2.40513  3.72494  3.29354  2.67741  2.69355  4.24690  2.90347  2.73739  3.18146  2.89801  2.37887  2.77519  2.98518  4.58477  3.61503
          0.03285  3.82798  4.55032  0.61958  0.77255  0.48576  0.95510
     18   2.99654  4.42870  4.27086  3.88563  3.34507  4.01716  4.62256  1.13481  3.71283  1.94116  3.28831  4.13725  4.45337  4.06620  3.91455  3.50882  3.29682  1.84704  5.22611  3.96001     18 - -
          2.68618  4.42225  2.77519  2.73123  3.46354  2.40513  3.72494  3.29354  2.67741  2.69355  4.24690  2.90347  2.73739  3.18146  2.89801  2.37887  2.77519  2.98518  4.58477  3.61503
          0.03285  3.82798  4.55032  0.61958  0.77255  0.48576  0.95510
     19   2.87645  4.42330  4.05784  3.55438  3.18932  3.89504  4.32170  2.15006  3.34445  1.74032  1.76688  3.85748  4.28804  3.69312  3.58042  3.25336  3.05937  2.19037  5.04844  3.84373     19 - -
          2.68618  4.42225  2.77519  2.73123  3.46354  2.40513  3.72494  3.29354  2.67741  2.69355  4.24690  2.90347  2.73739  3.18146  2.89801  2.37887  2.77519  2.98518  4.58477  3.61503
          0.03285  3.82798  4.55032  0.61958  0.77255  0.48576  0.95510
     20   2.82252  4.97145  2.81271  2.47661  4.26304  3.39311  3.62281  3.71497  1.98796  3.24344  4.13819  2.95823  3.87052  1.72454  2.44061  2.82653  3.05872  3.40074  5.38759  4.09653     20 - -
          2.68618  4.42225  2.77519  2.73123  3.46354  2.40513  3.72494  3.29354  2.67741  2.69355  4.24690  2.90347  2.73739  3.18146  2.89801  2.37887  2.77519  2.98518  4.58477  3.61503
          0.03285  3.82798  4.55032  0.61958  0.77255  0.48576  0.95510
     21   2.87683  5.28953  1.27285  1.96315  4.59392  3.15154  3.73755  4.08392  2.76649  3.65967  4.55358  2.66465  3.78463  2.92428  3.33213  2.78828  3.18010  3.69806  5.80625  4.35513     21 - -
          2.68618  4.42225  2.77519  2.73123  3.46354  2.40513  3.72494  3.29354  2.67741  2.69355  4.24690  2.90347  2.73739  3.18146  2.89801  2.37887  2.77519  2.98518  4.58477  3.61503
          0.03285  3.82798  4.55032  0.61958  0.77255  0.48576  0.95510
     22   2.45003  4.40367  3.04246  2.69748  3.84152  3.17882  3.82113  3.00827  2.66862  2.95885  3.87253  2.86395  1.95296  3.06816  3.01555  2.58302  2.80597  2.91665  5.22734  3.90806     22 - -
          2.68618  4.42225  2.77519  2.73123  3.46354  2.40513  3.72494  3.29354  2.67741  2.69355  4.24690  2.90347  2.73739  3.18146  2.89801  2.37887  2.77519  2.98518  4.58477  3.61503
          0.03285  3.82798  4.55032  0.61958  0.77255  0.48576  0.95510
     23   2.40471  4.18218  3.67519  3.17163  3.45876  3.48880  4.02891  1.79096  3.07768  2.38493  3.39955  3.47360  3.61404  3.39868  3.37002  2.68272  2.82694  2.07021  5.00348  3.78031     23 - -
          2.68618  4.42225  2.77519  2.73123  3.46354  2.40513  3.72494  3.29354  2.67741  2.69355  4.24690  2.90347  2.73739  3.18146  2.89801  2.37887  2.77519  2.98518  4.58477  3.61503
          0.03285  3.82798  4.55032  0.61958  0.77255  0.48576  0.95510
     24   2.75251  4.93086  2.76353  2.41534  3.96872  3.37668  2.47513  3.66221  2.25105  3.20378  4.06581  2.81859  3.84029  2.13968  2.58533  2.75572  2.98845  3.33766  5.23058  3.83345     24 - -
          2.68618  4.42225  2.77519  2.73123  3.46354  2.40513  3.72494  3.29354  2.67741  2.69355  4.24690  2.90347  2.73739  3.18146  2.89801  2.37887  2.77519  2.98518  4.58477  3.61503
          0.03285  3.82798  4.55032  0.61958  0.77255  0.48576  0.95510
     25   2.63349  4.93169  2.68368  2.33225  4.22831  3.14777  3.40639  3.65713  2.16284  3.20245  4.00745  2.85624  3.77377  2.39856  2.33632  2.51139  2.86203  3.30202  5.38293  4.04295     25 - -
          2.68618  4.42225  2.77519  2.73123  3.46354  2.40513  3.72494  3.29354  2.67741  2.69355  4.24690  2.90347  2.73739  3.18146  2.89801  2.37887  2.77519  2.98518  4.58477  3.61503
          0.03285  3.82798  4.55032  0.61958  0.77255  0.48576  0.95510
     26   2.49583  4.76666  3.03624  2.52404  4.14111  3.30171  3.60219  3.51387  1.78514  3.10291  3.94510  2.99000  3.82130  2.76031  2.31767  2.69645  2.60647  3.18916  5.30276  4.03326     26 - -
          2.68618  4.42225  2.77519  2.73123  3.46354  2.40513  3.72494  3.29354  2.67741  2.69355  4.24690  2.90347  2.73739  3.18146  2.89801  2.37887  2.77519  2.98518  4.58477  3.61503
          0.03285  3.82798  4.55032  0.61958  0.77255  0.48576  0.95510
     27   2.80170  5.01908  2.51129  1.41357  4.32741  3.28056  3.68371  3.76979  2.42306  3.34329  4.23643  2.84549  3.82250  2.86012  2.60875  2.78323  3.06960  3.43647  5.50623  4.17105     27 - -
          2.68618  4.42225  2.77519  2.73123  3.46354  2.40513  3.72494  3.29354  2.67741  2.69355  4.24690  2.90347  2.73739  3.18146  2.89801  2.37887  2.77519  2.98518  4.58477  3.61503
          0.03285  3.82798  4.55032  0.61958  0.77255  0.48576  0.95510
     28   2.57270  4.54139  2.74554  2.40112  4.26194  1.31520  3.94700  3.71186  2.86138  3.37980  4.28475  3.04307  3.75854  3.19768  3.22087  2.67200  2.97405  3.30375  5.48946  4.26641     28 - -
          2.68618  4.42225  2.77519  2.73123  3.46354  2.40513  3.72494  3.29354  2.67741  2.69355  4.24690  2.90347  2.73739  3.18146  2.89801  2.37887  2.77519  2.98518  4.58477  3.61503
          0.03285  3.82798  4.55032  0.61958  0.77255  0.48576  0.95510
     29   2.51989  4.41526  3.21145  2.68027  3.55796  3.43472  3.55429  2.75290  2.57856  2.42774  3.52174  3.12191  2.66712  2.88779  2.94391  2.70062  2.79437  2.65982  4.97519  3.69749     29 - -
          2.68618  4.42225  2.77519  2.73123  3.46354  2.40513  3.72494  3.29354  2.67741  2.69355  4.24690  2.90347  2.73739  3.18146  2.89801  2.37887  2.77519  2.98518  4.58477  3.61503
          0.03285  3.82798  4.55032  0.61958  0.77255  0.48576  0.95510
     30   2.80881  4.35682  3.83163  3.30539  2.30889  3.77199  3.49912  2.75835  3.19728  2.32927  3.15273  3.54814  4.13092  3.44365  3.45125  3.05757  3.03995  2.47465  4.10980  1.78600     30 - -
          2.68618  4.42225  2.77519  2.73123  3.46354  2.40513  3.72494  3.29354  2.67741  2.69355  4.24690  2.90347  2.73739  3.18146  2.89801  2.37887  2.77519  2.98518  4.58477  3.61503
          0.03285  3.82798  4.55032  0.61958  0.77255  0.48576  0.95510
     31   2.53817  1.03539  4.04566  3.77577  3.77812  3.16982  4.43273  2.91533  3.60268  2.83247  3.95263  3.77465  3.87324  3.95069  3.73467  2.80960  3.00130  2.66274  5.20281  4.06590     31 - -
          2.68618  4.42225  2.77519  2.73123  3.46354  2.40513  3.72494  3.29354  2.67741  2.69355  4.24690  2.90347  2.73739  3.18146  2.89801  2.37887  2.77519  2.98518  4.58477  3.61503
          0.03285  3.82798  4.55032  0.61958  0.77255  0.48576  0.95510
     32   2.68787  4.68164  2.68615  2.56755  4.03831  3.15515  3.88733  3.73987  2.78773  3.39205  4.34818  1.23936  3.80520  3.16067  3.14030  2.75718  3.06867  3.36658  5.34946  3.99035     32 - -
          2.68618  4.42225  2.77519  2.73123  3.46354  2.40513  3.72494  3.29354  2.67741  2.69355  4.24690  2.90347  2.73739  3.18146  2.89801  2.37887  2.77519  2.98518  4.58477  3.61503
          0.03285  3.82798  4.55032  0.61958  0.77255  0.48576  0.95510
     33   2.95668  4.79738  3.44294  2.96438  4.14071  3.45218  3.79447  3.68000  2.22298  3.20410  4.20620  3.32713  3.95762  3.01767  1.04865  3.04345  3.22613  3.40607  5.24226  4.07851     33 - -
          2.68618  4.42225  2.77519  2.73123  3.46354  2.40513  3.72494  3.29354  2.67741  2.69355  4.24690  2.90347  2.73739  3.18146  2.89801  2.37887  2.77519  2.98518  4.58477  3.61503
          0.03285  3.82798  4.55032  0.61958  0.77255  0.48576  0.95510
     34   2.39023  4.23494  3.39001  3.14091  3.93094  3.07544  4.16144  3.05270  3.08299  2.91774  3.97179  3.35687  3.77598  3.48025  3.34333  2.59109  1.24966  2.75244  5.37271  4.14781     34 - -
          2.68618  4.42225  2.77519  2.73123  3.46354  2.40513  3.72494  3.29354  2.67741  2.69355  4.24690  2.90347  2.73739  3.18146  2.89801  2.37887  2.77519  2.98518  4.58477  3.61503
          0.03285  3.82798  4.55032  0.61958  0.77255  0.48576  0.95510
     35   3.26407  4.65418  4.02465  3.72031  2.62408  3.68155  3.84776  3.28648  3.44375  2.68872  3.92227  3.87852  4.19577  3.83375  3.57970  3.46814  3.56240  3.17559  0.98005  2.62864     35 - -
          2.68618  4.42225  2.77519  2.73123  3.46354  2.40513  3.72494  3.29354  2.67741  2.69355  4.24690  2.90347  2.73739  3.18146  2.89801  2.37887  2.77519  2.98518  4.58477  3.61503
          0.03285  3.82798  4.55032  0.61958  0.77255  0.48576  0.95510
     36   2.94312  5.06230  0.98403  2.30993  4.43369  3.17813  3.89391  4.01202  2.96995  3.62867  4.60658  2.86373  3.82788  3.13356  3.47947  2.91107  3.28103  3.65623  5.61089  4.31496     36 - -
          2.68618  4.42225  2.77519  2.73123  3.46354  2.40513  3.72494  3.29354  2.67741  2.69355  4.24690  2.90347  2.73739  3.18146  2.89801  2.37887  2.77519  2.98518  4.58477  3.61503
          0.03285  3.82798  4.55032  0.61958  0.77255  0.48576  0.95510
     37   2.61176  4.39069  3.27634  3.17056  4.31195  0.80120  4.29281  3.90144  3.34568  3.56101  4.53701  3.44084  3.78039  3.67350  3.58588  2.78255  3.08957  3.43842  5.41810  4.41263     37 - -
          2.68618  4.42225  2.77519  2.73123  3.46354  2.40513  3.72494  3.29354  2.67741  2.69355  4.24690  2.90347  2.73739  3.18146  2.89801  2.37887  2.77519  2.98518  4.58477  3.61503
          0.03285  3.82798  4.55032  0.61958  0.77255  0.48576  0.95510
     38   3.26407  4.65418  4.02465  3.72031  2.62408  3.68155  3.84776  3.28648  3.44375  2.68872  3.92227  3.87852  4.19577  3.83375  3.57970  3.46814  3.56240  3.17559  0.98005  2.62864     38 - -
          2.68618  4.42225  2.77519  2.73123  3.46354  2.40513  3.72494  3.29354  2.67741  2.69355  4.24690  2.90347  2.73739  3.18146  2.89801  2.37887  2.77519  2.98518  4.58477  3.61503
          0.03285  3.82798  4.55032  0.61958  0.77255  0.48576  0.95510
     39   3.10611  4.58203  4.11767  3.75814  3.12015  3.92491  4.42786  2.32276  3.52629  0.93203  3.15850  4.03784  4.36849  3.90530  3.70931  3.49177  3.40271  2.34838  4.98246  3.69523     39 - -
          2.68618  4.42225  2.77519  2.73123  3.46354  2.40513  3.72494  3.29354  2.67741  2.69355  4.24690  2.90347  2.73739  3.18146  2.89801  2.37887  2.77519  2.98518  4.58477  3.61503
          0.03285  3.82798  4.55032  0.61958  0.77255  0.48576  0.95510
     40   2.53817  1.03539  4.04566  3.77577  3.77812  3.16982  4.43273  2.91533  3.60268  2.83247  3.95263  3.77465  3.87324  3.95069  3.73467  2.80960  3.00130  2.66274  5.20281  4.06590     40 - -
          2.68618  4.42225  2.77519  2.73123  3.46354  2.40513  3.72494  3.29354  2.67741  2.69355  4.24690  2.90347  2.73739  3.18146  2.89801  2.37887  2.77519  2.98518  4.58477  3.61503
          0.03285  3.82798  4.55032  0.61958  0.77255  0.48576  0.95510
     41   3.26407  4.65418  4.02465  3.72031  2.62408  3.68155  3.84776  3.28648  3.44375  2.68872  3.92227  3.87852  4.19577  3.83375  3.57970  3.46814  3.56240  3.17559  0.98005  2.62864     41 - -
          2.68618  4.42225  2.77519  2.73123  3.46354  2.40513  3.72494  3.29354  2.67741  2.69355  4.24690  2.90347  2.73739  3.18146  2.89801  2.37887  2.77519  2.98518  4.58477  3.61503
          0.03285  3.82798  4.55032  0.61958  0.77255  0.48576  0.95510
     42   2.58968  4.83735  2.23832  2.24867  4.33273  2.90623  3.69621  3.79650  2.60694  3.37294  4.19720  2.27717  3.72868  2.86575  3.10334  2.03414  2.90596  3.38706  5.57476  4.18926     42 - -
          2.68618  4.42225  2.77519  2.73123  3.46354  2.40513  3.72494  3.29354  2.67741  2.69355  4.24690  2.90347  2.73739  3.18146  2.89801  2.37887  2.77519  2.98518  4.58477  3.61503
          0.03285  3.82798  4.55032  0.61958  0.77255  0.48576  0.95510
     43   2.79810  5.05062  1.36966  2.22209  4.08002  3.21598  3.71934  3.75500  2.71224  3.36236  4.29003  2.77482  3.80419  2.93679  3.21951  2.76528  3.09231  3.42757  5.43290  3.58154     43 - -
          2.68618  4.42225  2.77519  2.73123  3.46354  2.40513  3.72494  3.29354  2.67741  2.69355  4.24690  2.90347  2.73739  3.18146  2.89801  2.37887  2.77519  2.98518  4.58477  3.61503
          0.03285  3.82798  4.55032  0.61958  0.77255  0.48576  0.95510
     44   2.43579  4.16138  3.67821  3.27965  3.67114  3.10899  4.18241  2.40581  3.18746  2.55966  3.60481  3.49524  3.91393  3.53141  3.45902  2.71648  2.49677  1.47167  5.23310  4.00291     44 - -
          2.68618  4.42225  2.77519  2.73123  3.46354  2.40513  3.72494  3.29354  2.67741  2.69355  4.24690  2.90347  2.73739  3.18146  2.89801  2.37887  2.77519  2.98518  4.58477  3.61503
          0.03285  3.82798  4.55032  0.61958  0.77255  0.48576  0.95510
     45   1.80693  4.51708  2.93085  2.45030  3.90351  3.27739  3.73034  3.20675  2.43629  2.82140  3.80790  3.01453  3.79228  2.94479  2.90021  2.57017  2.83134  2.90865  5.23557  3.95482     45 - -
          2.68618  4.42225  2.77519  2.73123  3.46354  2.40513  3.72494  3.29354  2.67741  2.69355  4.24690  2.90347  2.73739  3.18146  2.89801  2.37887  2.77519  2.98518  4.58477  3.61503
          0.03285  3.82798  4.55032  0.61958  0.77255  0.48576  0.95510
     46   1.22759  4.09855  3.32869  3.09714  4.06577  2.90811  4.15413  3.27878  3.12769  3.13779  4.06421  3.25441  3.65362  3.45722  3.40525  2.24277  2.67695  2.86155  5.48098  4.23971     46 - -
          2.68618  4.42225  2.77519  2.73123  3.46354  2.40513  3.72494  3.29354  2.67741  2.69355  4.24690  2.90347  2.73739  3.18146  2.89801  2.37887  2.77519  2.98518  4.58477  3.61503
          0.03285  3.82798  4.55032  0.61958  0.77255  0.48576  0.95510
     47   2.61176  4.39069  3.27634  3.17056  4.31195  0.80120  4.29281  3.90144  3.34568  3.56101  4.53701  3.44084  3.78039  3.67350  3.58588  2.78255  3.08957  3.43842  5.41810  4.41263     47 - -
          2.68618  4.42225  2.77519  2.73123  3.46354  2.40513  3.72494  3.29354  2.67741  2.69355  4.24690  2.90347  2.73739  3.18146  2.89801  2.37887  2.77519  2.98518  4.58477  3.61503
          0.03285  3.82798  4.55032  0.61958  0.77255  0.48576  0.95510
     48   2.54887  4.25627  3.69157  3.20768  3.57084  3.46828  4.12819  2.17508  3.09098  2.36656  3.47966  3.50543  3.99721  3.44511  3.39444  2.83285  1.87347  2.02549  5.18319  3.94533     48 - -
          2.68618  4.42225  2.77519  2.73123  3.46354  2.40513  3.72494  3.29354  2.67741  2.69355  4.24690  2.90347  2.73739  3.18146  2.89801  2.37887  2.77519  2.98518  4.58477  3.61503
          0.05909  3.82798  3.33473  0.61958  0.77255  0.48576  0.95510
     49   2.60085  4.40435  3.26594  2.37067  3.62539  3.50339  3.84005  2.44255  2.72456  2.53254  3.52753  3.22165  3.93018  3.09395  3.09129  2.79840  2.72696  1.97807  5.10571  3.84466     49 - -
          2.68618  4.42225  2.77519  2.73123  3.46354  2.40513  3.72494  3.29354  2.67741  2.69355  4.24690  2.90347  2.73739  3.18146  2.89801  2.37887  2.77519  2.98518  4.58477  3.61503
          0.03371  3.80260  4.52494  0.61958  0.77255  0.47246  0.97675
     50   2.29448  4.21385  3.16908  2.98360  4.03239  2.94462  4.09430  3.54936  3.05433  3.27334  4.20372  3.21499  3.67993  3.40732  3.34119  1.16018  2.77143  3.09423  5.40863  4.11588     50 - -
          2.68618  4.42225  2.77519  2.73123  3.46354  2.40513  3.72494  3.29354  2.67741  2.69355  4.24690  2.90347  2.73739  3.18146  2.89801  2.37887  2.77519  2.98518  4.58477  3.61503
          0.03285  3.82798  4.55032  0.61958  0.77255  0.48576  0.95510
     51   2.63603  4.35208  3.44122  2.55566  3.46922  3.59179  3.89713  2.47360  2.83283  2.33019  2.81517  3.33873  3.99070  3.19348  3.17148  2.87816  2.88271  1.91264  5.01148  3.77192     51 - -
          2.68618  4.42225  2.77519  2.73123  3.46354  2.40513  3.72494  3.29354  2.67741  2.69355  4.24690  2.90347  2.73739  3.18146  2.89801  2.37887  2.77519  2.98518  4.58477  3.61503
          0.03285  3.82798  4.55032  0.61958  0.77255  0.48576  0.95510
     52   2.84712  4.82994  2.87529  2.63025  3.99235  3.33756  3.78785  3.61710  2.45436  3.12380  4.15381  3.08925  3.89096  1.31538  2.73903  2.89717  3.14455  3.34982  5.27271  3.96378     52 - -
          2.68618  4.42225  2.77519  2.73123  3.46354  2.40513  3.72494  3.29354  2.67741  2.69355  4.24690  2.90347  2.73739  3.18146  2.89801  2.37887  2.77519  2.98518  4.58477  3.61503
          0.03285  3.82798  4.55032  0.61958  0.77255  0.48576  0.95510
     53   2.71824  4.74527  3.17512  2.60983  3.58512  3.49752  2.69725  3.38102  2.22045  2.89652  3.83830  3.06177  3.88241  2.80125  2.05066  2.77584  2.93241  3.10302  4.94223  3.19766     53 - -
          2.68618  4.42225  2.77519  2.73123  3.46354  2.40513  3.72494  3.29354  2.67741  2.69355  4.24690  2.90347  2.73739  3.18146  2.89801  2.37887  2.77519  2.98518  4.58477  3.61503
          0.03285  3.82798  4.55032  0.61958  0.77255  0.48576  0.95510
     54   2.53817  1.03539  4.04566  3.77577  3.77812  3.16982  4.43273  2.91533  3.60268  2.83247  3.95263  3.77465  3.87324  3.95069  3.73467  2.80960  3.00130  2.66274  5.20281  4.06590     54 - -
          2.68618  4.42225  2.77519  2.73123  3.46354  2.40513  3.72494  3.29354  2.67741  2.69355  4.24690  2.90347  2.73739  3.18146  2.89801  2.37887  2.77519  2.98518  4.58477  3.61503
          0.03285  3.82798  4.55032  0.61958  0.77255  0.48576  0.95510
     55   2.69501  4.45888  3.29753  3.13078  4.12836  3.14894  4.21129  3.66305  3.18441  3.29445  4.34296  3.44158  0.91466  3.57458  3.43433  2.86129  3.13326  3.31342  5.32641  4.24868     55 - -
          2.68618  4.42225  2.77519  2.73123  3.46354  2.40513  3.72494  3.29354  2.67741  2.69355  4.24690  2.90347  2.73739  3.18146  2.89801  2.37887  2.77519  2.98518  4.58477  3.61503
          0.03285  3.82798  4.55032  0.61958  0.77255  0.48576  0.95510
     56   2.94312  5.06230  0.98403  2.30993  4.43369  3.17813  3.89391  4.01202  2.96995  3.62867  4.60658  2.86373  3.82788  3.13356  3.47947  2.91107  3.28103  3.65623  5.61089  4.31496     56 - -
          2.68618  4.42225  2.77519  2.73123  3.46354  2.40513  3.72494  3.29354  2.67741  2.69355  4.24690  2.90347  2.73739  3.18146  2.89801  2.37887  2.77519  2.98518  4.58477  3.61503
          0.03285  3.82798  4.55032  0.61958  0.77255  0.48576  0.95510
     57   3.18432  4.69132  3.77319  3.49493  2.29673  3.77880  3.60007  3.19988  3.35374  2.66511  3.87976  3.66971  4.25404  3.67046  3.54627  3.32518  3.47099  3.06843  3.93854  1.04313     57 - -
          2.68618  4.42225  2.77519  2.73123  3.46354  2.40513  3.72494  3.29354  2.67741  2.69355  4.24690  2.90347  2.73739  3.18146  2.89801  2.37887  2.77519  2.98518  4.58477  3.61503
          0.03285  3.82798  4.55032  0.61958  0.77255  0.48576  0.95510
     58   3.20290  4.61805  4.17746  3.88417  1.08748  3.90174  3.85949  2.73283  3.79248  2.11356  3.47010  3.96952  4.36188  3.97295  3.92318  3.47468  3.50430  2.72012  4.12304  2.49616     58 - -
          2.68618  4.42225  2.77519  2.73123  3.46354  2.40513  3.72494  3.29354  2.67741  2.69355  4.24690  2.90347  2.73739  3.18146  2.89801  2.37887  2.77519  2.98518  4.58477  3.61503
          0.03285  3.82798  4.55032  0.61958  0.77255  0.48576  0.95510
     59   2.84712  4.82994  2.87529  2.63025  3.99235  3.33756  3.78785  3.61710  2.45436  3.12380  4.15381  3.08925  3.89096  1.31538  2.73903  2.89717  3.14455  3.34982  5.27271  3.96378     59 - -
          2.68618  4.42225  2.77519  2.73123  3.46354  2.40513  3.72494  3.29354  2.67741  2.69355  4.24690  2.90347  2.73739  3.18146  2.89801  2.37887  2.77519  2.98518  4.58477  3.61503
          0.03285  3.82798  4.55032  0.61958  0.77255  0.48576  0.95510
     60   2.94312  5.06230  0.98403  2.30993  4.43369  3.17813  3.89391  4.01202  2.96995  3.62867  4.60658  2.86373  3.82788  3.13356  3.47947  2.91107  3.28103  3.65623  5.61089  4.31496     60 - -
          2.68618  4.42225  2.77519  2.73123  3.46354  2.40513  3.72494  3.29354  2.67741  2.69355  4.24690  2.90347  2.73739  3.18146  2.89801  2.37887  2.77519  2.98518  4.58477  3.61503
          0.03285  3.82798  4.55032  0.61958  0.77255  0.48576  0.95510
     61   3.20290  4.61805  4.17746  3.88417  1.08748  3.90174  3.85949  2.73283  3.79248  2.11356  3.47010  3.96952  4.36188  3.97295  3.92318  3.47468  3.50430  2.72012  4.12304  2.49616     61 - -
          2.68618  4.42225  2.77519  2.73123  3.46354  2.40513  3.72494  3.29354  2.67741  2.69355  4.24690  2.90347  2.73739  3.18146  2.89801  2.37887  2.77519  2.98518  4.58477  3.61503
          0.03285  3.82798  4.55032  0.61958  0.77255  0.48576  0.95510
     62   2.79431  5.20326  1.59914  2.09904  4.52241  3.14687  3.70646  4.06874  2.70058  3.61911  4.47800  1.98978  3.76457  2.88509  3.25355  2.72362  3.09883  3.65856  5.75222  4.28416     62 - -
          2.68618  4.42225  2.77519  2.73123  3.46354  2.40513  3.72494  3.29354  2.67741  2.69355  4.24690  2.90347  2.73739  3.18146  2.89801  2.37887  2.77519  2.98518  4.58477  3.61503
          0.03285  3.82798  4.55032  0.61958  0.77255  0.48576  0.95510
     63   2.69501  4.45888  3.29753  3.13078  4.12836  3.14894  4.21129  3.66305  3.18441  3.29445  4.34296  3.44158  0.91466  3.57458  3.43433  2.86129  3.13326  3.31342  5.32641  4.24868     63 - -
          2.68618  4.42225  2.77519  2.73123  3.46354  2.40513  3.72494  3.29354  2.67741  2.69355  4.24690  2.90347  2.73739  3.18146  2.89801  2.37887  2.77519  2.98518  4.58477  3.61503
          0.03285  3.82798  4.55032  0.61958  0.77255  0.48576  0.95510
     64   2.21569  4.15640  3.18735  2.95489  4.10774  2.91216  4.06913  3.47840  2.99876  3.23056  4.12205  3.17579  3.64502  3.34612  3.30069  1.32334  2.48416  3.01523  5.48371  4.21610     64 - -
          2.68618  4.42225  2.77519  2.73123  3.46354  2.40513  3.72494  3.29354  2.67741  2.69355  4.24690  2.90347  2.73739  3.18146  2.89801  2.37887  2.77519  2.98518  4.58477  3.61503
          0.03285  3.82798  4.55032  0.61958  0.77255  0.48576  0.95510
     65   2.91557  5.01528  2.47138  1.09042  4.35618  3.24647  3.83049  3.80127  2.70552  3.42595  4.40281  2.91011  3.84920  3.04765  3.10908  2.90305  3.21976  3.49004  5.53622  4.25940     65 - -
          2.68618  4.42225  2.77519  2.73123  3.46354  2.40513  3.72494  3.29354  2.67741  2.69355  4.24690  2.90347  2.73739  3.18146  2.89801  2.37887  2.77519  2.98518  4.58477  3.61503
          0.03285  3.82798  4.55032  0.61958  0.77255  0.48576  0.95510
     66   2.74522  4.73792  3.21227  2.67730  3.93596  3.48996  3.65800  3.22914  1.54974  2.85520  3.21738  3.11449  3.90777  2.84201  2.46753  2.82471  2.97637  2.99498  5.21375  3.94705     66 - -
          2.68618  4.42225  2.77519  2.73123  3.46354  2.40513  3.72494  3.29354  2.67741  2.69355  4.24690  2.90347  2.73739  3.18146  2.89801  2.37887  2.77519  2.98518  4.58477  3.61503
          0.03285  3.82798  4.55032  0.61958  0.77255  0.48576  0.95510
     67   2.77317  4.32894  4.06304  3.72559  3.51846  3.67701  4.53527  2.05533  3.59265  2.21381  3.49119  3.92232  4.24056  3.95603  3.80929  3.17837  3.13617  1.08304  5.29510  4.02359     67 - -
          2.68618  4.42225  2.77519  2.73123  3.46354  2.40513  3.72494  3.29354  2.67741  2.69355  4.24690  2.90347  2.73739  3.18146  2.89801  2.37887  2.77519  2.98518  4.58477  3.61503
          0.03285  3.82798  4.55032  0.61958  0.77255  0.48576  0.95510
     68   2.39023  4.23494  3.39001  3.14091  3.93094  3.07544  4.16144  3.05270  3.08299  2.91774  3.97179  3.35687  3.77598  3.48025  3.34333  2.59109  1.24966  2.75244  5.37271  4.14781     68 - -
          2.68618  4.42225  2.77519  2.73123  3.46354  2.40513  3.72494  3.29354  2.67741  2.69355  4.24690  2.90347  2.73739  3.18146  2.89801  2.37887  2.77519  2.98518  4.58477  3.61503
          0.03285  3.82798  4.55032  0.61958  0.77255  0.48576  0.95510
     69   2.93261  4.89300  3.10555  2.73638  4.26924  3.42601  3.73662  3.69590  1.10091  3.27113  4.23573  3.16254  3.93013  2.93119  2.42610  2.97797  3.18959  3.40647  5.34281  4.14945     69 - -
          2.68618  4.42225  2.77519  2.73123  3.46354  2.40513  3.72494  3.29354  2.67741  2.69355  4.24690  2.90347  2.73739  3.18146  2.89801  2.37887  2.77519  2.98518  4.58477  3.61503
          0.03285  3.82798  4.55032  0.61958  0.77255  0.48576  0.95510
     70   2.79832  4.37353  3.66734  2.98380  3.45369  3.76049  4.18840  1.42779  3.13667  2.20588  3.39220  3.63138  4.19409  3.54013  3.40898  3.15210  3.06942  2.01200  5.13264  3.87622     70 - -
          2.68618  4.42225  2.77519  2.73123  3.46354  2.40513  3.72494  3.29354  2.67741  2.69355  4.24690  2.90347  2.73739  3.18146  2.89801  2.37887  2.77519  2.98518  4.58477  3.61503
          0.03285  3.82798  4.55032  0.61958  0.77255  0.48576  0.95510
     71   2.53817  1.03539  4.04566  3.77577  3.77812  3.16982  4.43273  2.91533  3.60268  2.83247  3.95263  3.77465  3.87324  3.95069  3.73467  2.80960  3.00130  2.66274  5.20281  4.06590     71 - -
          2.68618  4.42225  2.77519  2.73123  3.46354  2.40513  3.72494  3.29354  2.67741  2.69355  4.24690  2.90347  2.73739  3.18146  2.89801  2.37887  2.77519  2.98518  4.58477  3.61503
          0.03285  3.82798  4.55032  0.61958  0.77255  0.48576  0.95510
     72   2.64510  4.90257  1.57784  2.21417  4.40637  2.86166  3.73232  3.82891  2.69041  3.44996  4.30038  2.75101  3.74121  2.91136  3.20520  2.63977  2.60926  3.42645  5.65701  4.25451     72 - -
          2.68618  4.42225  2.77519  2.73123  3.46354  2.40513  3.72494  3.29354  2.67741  2.69355  4.24690  2.90347  2.73739  3.18146  2.89801  2.37887  2.77519  2.98518  4.58477  3.61503
          0.03285  3.82798  4.55032  0.61958  0.77255  0.48576  0.95510
     73   2.67423  4.94361  2.70024  2.17944  4.24369  3.33733  3.58320  3.66627  2.19323  3.22009  4.04149  2.84852  2.85733  2.30317  2.63552  2.62928  2.90921  3.31977  5.40790  4.07294     73 - -
          2.68618  4.42225  2.77519  2.73123  3.46354  2.40513  3.72494  3.29354  2.67741  2.69355  4.24690  2.90347  2.73739  3.18146  2.89801  2.37887  2.77519  2.98518  4.58477  3.61503
          0.03285  3.82798  4.55032  0.61958  0.77255  0.48576  0.95510
     74   2.63381  4.91547  2.03428  2.21027  4.36402  3.15307  3.69348  3.84597  2.61893  3.41955  4.24988  2.39366  3.73756  2.86445  3.12622  1.96981  2.94555  3.43860  5.60653  4.19982     74 - -
          2.68618  4.42225  2.77519  2.73123  3.46354  2.40513  3.72494  3.29354  2.67741  2.69355  4.24690  2.90347  2.73739  3.18146  2.89801  2.37887  2.77519  2.98518  4.58477  3.61503
          0.03285  3.82798  4.55032  0.61958  0.77255  0.48576  0.95510
     75   2.61176  4.39069  3.27634  3.17056  4.31195  0.80120  4.29281  3.90144  3.34568  3.56101  4.53701  3.44084  3.78039  3.67350  3.58588  2.78255  3.08957  3.43842  5.41810  4.41263     75 - -
          2.68618  4.42225  2.77519  2.73123  3.46354  2.40513  3.72494  3.29354  2.67741  2.69355  4.24690  2.90347  2.73739  3.18146  2.89801  2.37887  2.77519  2.98518  4.58477  3.61503
          0.03285  3.82798  4.55032  0.61958  0.77255  0.48576  0.95510
     76   2.73225  4.95539  2.58646  2.32378  4.03701  3.30724  2.86964  3.71139  2.37202  3.26169  4.11782  1.96733  3.81091  2.65586  2.75609  2.72373  2.98699  3.37066  5.31404  3.89844     76 - -
          2.68618  4.42225  2.77519  2.73123  3.46354  2.40513  3.72494  3.29354  2.67741  2.69355  4.24690  2.90347  2.73739  3.18146  2.89801  2.37887  2.77519  2.98518  4.58477  3.61503
          0.03285  3.82798  4.55032  0.61958  0.77255  0.48576  0.95510
     77   3.26407  4.65418  4.02465  3.72031  2.62408  3.68155  3.84776  3.28648  3.44375  2.68872  3.92227  3.87852  4.19577  3.83375  3.57970  3.46814  3.56240  3.17559  0.98005  2.62864     77 - -
          2.68618  4.42225  2.77519  2.73123  3.46354  2.40513  3.72494  3.29354  2.67741  2.69355  4.24690  2.90347  2.73739  3.18146  2.89801  2.37887  2.77519  2.98518  4.58477  3.61503
          0.03285  3.82798  4.55032  0.61958  0.77255  0.48576  0.95510
     78   3.20290  4.61805  4.17746  3.88417  1.08748  3.90174  3.85949  2.73283  3.79248  2.11356  3.47010  3.96952  4.36188  3.97295  3.92318  3.47468  3.50430  2.72012  4.12304  2.49616     78 - -
          2.68618  4.42225  2.77519  2.73123  3.46354  2.40513  3.72494  3.29354  2.67741  2.69355  4.24690  2.90347  2.73739  3.18146  2.89801  2.37887  2.77519  2.98518  4.58477  3.61503
          0.03285  3.82798  4.55032  0.61958  0.77255  0.48576  0.95510
     79   2.81423  4.77336  3.36178  2.76738  3.96611  3.53224  3.63150  3.35879  2.03829  2.61902  3.89667  3.16753  3.93979  2.81991  1.57672  2.89227  3.03261  3.11356  5.18230  3.92709     79 - -
          2.68618  4.42225  2.77519  2.73123  3.46354  2.40513  3.72494  3.29354  2.67741  2.69355  4.24690  2.90347  2.73739  3.18146  2.89801  2.37887  2.77519  2.98518  4.58477  3.61503
          0.03285  3.82798  4.55032  0.61958  0.77255  0.48576  0.95510
     80   2.94863  4.77266  3.08459  2.84081  3.25532  3.41143  1.23993  3.64457  2.68516  3.14383  4.18392  3.25163  3.96191  3.20669  2.95316  3.01994  3.25080  3.38062  4.72084  3.20760     80 - -
          2.68618  4.42225  2.77519  2.73123  3.46354  2.40513  3.72494  3.29354  2.67741  2.69355  4.24690  2.90347  2.73739  3.18146  2.89801  2.37887  2.77519  2.98518  4.58477  3.61503
          0.03285  3.82798  4.55032  0.61958  0.77255  0.48576  0.95510
     81   2.69501  4.45888  3.29753  3.13078  4.12836  3.14894  4.21129  3.66305  3.18441  3.29445  4.34296  3.44158  0.91466  3.57458  3.43433  2.86129  3.13326  3.31342  5.32641  4.24868     81 - -
          2.68618  4.42225  2.77519  2.73123  3.46354  2.40513  3.72494  3.29354  2.67741  2.69355  4.24690  2.90347  2.73739  3.18146  2.89801  2.37887  2.77519  2.98518  4.58477  3.61503
          0.03285  3.82798  4.55032  0.61958  0.77255  0.48576  0.95510
     82   2.67450  5.26772  1.84056  1.54721  4.56843  3.17283  3.67452  4.02871  2.63773  3.58172  4.43001  2.65443  3.76610  2.83887  3.19024  2.72071  3.08526  3.63503  5.76947  4.30762     82 - -
          2.68618  4.42225  2.77519  2.73123  3.46354  2.40513  3.72494  3.29354  2.67741  2.69355  4.24690  2.90347  2.73739  3.18146  2.89801  2.37887  2.77519  2.98518  4.58477  3.61503
          0.03285  3.82798  4.55032  0.61958  0.77255  0.48576  0.95510
     83   2.29448  4.21385  3.16908  2.98360  4.03239  2.94462  4.09430  3.54936  3.05433  3.27334  4.20372  3.21499  3.67993  3.40732  3.34119  1.16018  2.77143  3.09423  5.40863  4.11588     83 - -
          2.68618  4.42225  2.77519  2.73123  3.46354  2.40513  3.72494  3.29354  2.67741  2.69355  4.24690  2.90347  2.73739  3.18146  2.89801  2.37887  2.77519  2.98518  4.58477  3.61503
          0.03285  3.82798  4.55032  0.61958  0.77255  0.48576  0.95510
     84   2.68787  4.68164  2.68615  2.56755  4.03831  3.15515  3.88733  3.73987  2.78773  3.39205  4.34818  1.23936  3.80520  3.16067  3.14030  2.75718  3.06867  3.36658  5.34946  3.99035     84 - -
          2.68618  4.42225  2.77519  2.73123  3.46354  2.40513  3.72494  3.29354  2.67741  2.69355  4.24690  2.90347  2.73739  3.18146  2.89801  2.37887  2.77519  2.98518  4.58477  3.61503
          0.03285  3.82798  4.55032  0.61958  0.77255  0.48576  0.95510
     85   2.95668  4.79738  3.44294  2.96438  4.14071  3.45218  3.79447  3.68000  2.22298  3.20410  4.20620  3.32713  3.95762  3.01767  1.04865  3.04345  3.22613  3.40607  5.24226  4.07851     85 - -
          2.68618  4.42225  2.77519  2.73123  3.46354  2.40513  3.72494  3.29354  2.67741  2.69355  4.24690  2.90347  2.73739  3.18146  2.89801  2.37887  2.77519  2.98518  4.58477  3.61503
          0.03285  3.82798  4.55032  0.61958  0.77255  0.48576  0.95510
     86   2.39023  4.23494  3.39001  3.14091  3.93094  3.07544  4.16144  3.05270  3.08299  2.91774  3.97179  3.35687  3.77598  3.48025  3.34333  2.59109  1.24966  2.75244  5.37271  4.14781     86 - -
          2.68618  4.42225  2.77519  2.73123  3.46354  2.40513  3.72494  3.29354  2.67741  2.69355  4.24690  2.90347  2.73739  3.18146  2.89801  2.37887  2.77519  2.98518  4.58477  3.61503
          0.03285  3.82798  4.55032  0.61958  0.77255  0.48576  0.95510
     87   3.26407  4.65418  4.02465  3.72031  2.62408  3.68155  3.84776  3.28648  3.44375  2.68872  3.92227  3.87852  4.19577  3.83375  3.57970  3.46814  3.56240  3.17559  0.98005  2.62864     87 - -
          2.68618  4.42225  2.77519  2.73123  3.46354  2.40513  3.72494  3.29354  2.67741  2.69355  4.24690  2.90347  2.73739  3.18146  2.89801  2.37887  2.77519  2.98518  4.58477  3.61503
          0.03285  3.82798  4.55032  0.61958  0.77255  0.48576  0.95510
     88   2.39023  4.23494  3.39001  3.14091  3.93094  3.07544  4.16144  3.05270  3.08299  2.91774  3.97179  3.35687  3.77598  3.48025  3.34333  2.59109  1.24966  2.75244  5.37271  4.14781     88 - -
          2.68618  4.42225  2.77519  2.73123  3.46354  2.40513  3.72494  3.29354  2.67741  2.69355  4.24690  2.90347  2.73739  3.18146  2.89801  2.37887  2.77519  2.98518  4.58477  3.61503
          0.03285  3.82798  4.55032  0.61958  0.77255  0.48576  0.95510
     89   2.69938  4.86817  2.30501  2.30094  4.23469  3.15040  3.77058  3.82445  2.70100  3.44776  4.33719  1.48059  3.77562  2.98497  3.14678  2.70819  3.03867  3.43785  5.52219  4.11773     89 - -
          2.68618  4.42225  2.77519  2.73123  3.46354  2.40513  3.72494  3.29354  2.67741  2.69355  4.24690  2.90347  2.73739  3.18146  2.89801  2.37887  2.77519  2.98518  4.58477  3.61503
          0.03285  3.82798  4.55032  0.61958  0.77255  0.48576  0.95510
     90   3.24095  4.67879  4.06164  3.68754  1.93189  4.01534  3.46747  3.06511  3.55697  2.49242  3.71929  3.75059  4.38807  3.73722  3.73522  3.39016  3.48742  2.96422  3.71493  1.17367     90 - -
          2.68618  4.42225  2.77519  2.73123  3.46354  2.40513  3.72494  3.29354  2.67741  2.69355  4.24690  2.90347  2.73739  3.18146  2.89801  2.37887  2.77519  2.98518  4.58477  3.61503
          0.03285  3.82798  4.55032  0.61958  0.77255  0.48576  0.95510
     91   2.39023  4.23494  3.39001  3.14091  3.93094  3.07544  4.16144  3.05270  3.08299  2.91774  3.97179  3.35687  3.77598  3.48025  3.34333  2.59109  1.24966  2.75244  5.37271  4.14781     91 - -
          2.68618  4.42225  2.77519  2.73123  3.46354  2.40513  3.72494  3.29354  2.67741  2.69355  4.24690  2.90347  2.73739  3.18146  2.89801  2.37887  2.77519  2.98518  4.58477  3.61503
          0.03285  3.82798  4.55032  0.61958  0.77255  0.48576  0.95510
     92   2.76391  4.85018  3.13789  2.59195  4.07315  3.48142  3.58663  3.50945  2.08514  2.81170  3.94279  3.04475  3.88276  2.04143  2.05454  2.80187  2.97694  3.22581  5.24543  3.97047     92 - -
          2.68618  4.42225  2.77519  2.73123  3.46354  2.40513  3.72494  3.29354  2.67741  2.69355  4.24690  2.90347  2.73739  3.18146  2.89801  2.37887  2.77519  2.98518  4.58477  3.61503
          0.03285  3.82798  4.55032  0.61958  0.77255  0.48576  0.95510
     93   2.53817  1.03539  4.04566  3.77577  3.77812  3.16982  4.43273  2.91533  3.60268  2.83247  3.95263  3.77465  3.87324  3.95069  3.73467  2.80960  3.00130  2.66274  5.20281  4.06590     93 - -
          2.68618  4.42225  2.77519  2.73123  3.46354  2.40513  3.72494  3.29354  2.67741  2.69355  4.24690  2.90347  2.73739  3.18146  2.89801  2.37887  2.77519  2.98518  4.58477  3.61503
          0.03285  3.82798  4.55032  0.61958  0.77255  0.48576  0.95510
     94   2.68787  4.68164  2.68615  2.56755  4.03831  3.15515  3.88733  3.73987  2.78773  3.39205  4.34818  1.23936  3.80520  3.16067  3.14030  2.75718  3.06867  3.36658  5.34946  3.99035     94 - -
          2.68618  4.42225  2.77519  2.73123  3.46354  2.40513  3.72494  3.29354  2.67741  2.69355  4.24690  2.90347  2.73739  3.18146  2.89801  2.37887  2.77519  2.98518  4.58477  3.61503
          0.03285  3.82798  4.55032  0.61958  0.77255  0.48576  0.95510
     95   2.54959  4.27668  3.39720  2.75521  3.45541  3.50851  3.80367  2.19614  2.77445  2.36813  3.40479  3.03900  3.90919  3.11767  3.11724  2.74232  2.60813  2.30850  4.91589  3.67562     95 - -
          2.68618  4.42225  2.77519  2.73123  3.46354  2.40513  3.72494  3.29354  2.67741  2.69355  4.24690  2.90347  2.73739  3.18146  2.89801  2.37887  2.77519  2.98518  4.58477  3.61503
          0.03285  3.82798  4.55032  0.61958  0.77255  0.48576  0.95510
     96   2.57467  4.51345  3.03695  2.58042  3.20110  3.43909  3.23565  3.08547  2.55873  2.73696  3.61278  2.78709  3.83523  2.90088  2.91923  2.55844  2.80796  2.82459  4.84624  2.73265     96 - -
          2.68618  4.42225  2.77519  2.73123  3.46354  2.40513  3.72494  3.29354  2.67741  2.69355  4.24690  2.90347  2.73739  3.18146  2.89801  2.37887  2.77519  2.98518  4.58477  3.61503
          0.03285  3.82798  4.55032  0.61958  0.77255  0.48576  0.95510
     97   2.39941  4.23379  3.45378  3.11196  3.76823  3.16862  4.09661  2.69384  2.99499  2.68900  3.76444  3.35421  3.82270  3.39928  3.27466  2.61337  1.49392  2.53444  5.29500  4.02365     97 - -
          2.68618  4.42225  2.77519  2.73123  3.46354  2.40513  3.72494  3.29354  2.67741  2.69355  4.24690  2.90347  2.73739  3.18146  2.89801  2.37887  2.77519  2.98518  4.58477  3.61503
          0.03285  3.82798  4.55032  0.61958  0.77255  0.48576  0.95510
     98   2.65815  4.77181  2.85868  2.45249  3.99956  3.36215  2.27373  3.48449  2.29771  3.07581  3.92600  2.80732  3.67046  2.73772  2.56736  2.69800  2.75788  3.16981  5.24891  3.92353     98 - -
          2.68618  4.42225  2.77519  2.73123  3.46354  2.40513  3.72494  3.29354  2.67741  2.69355  4.24690  2.90347  2.73739  3.18146  2.89801  2.37887  2.77519  2.98518  4.58477  3.61503
          0.03285  3.82798  4.55032  0.61958  0.77255  0.48576  0.95510
     99   2.84970  5.12053  2.23898  1.24586  4.44038  3.20523  3.74272  3.88807  2.65612  3.49960  4.40555  2.76585  3.80643  2.93344  3.12386  2.80250  3.14368  3.53816  5.64211  4.26826     99 - -
          2.68618  4.42225  2.77519  2.73123  3.46354  2.40513  3.72494  3.29354  2.67741  2.69355  4.24690  2.90347  2.73739  3.18146  2.89801  2.37887  2.77519  2.98518  4.58477  3.61503
          0.03285  3.82798  4.55032  0.61958  0.77255  0.48576  0.95510
    100   2.74880  4.86984  2.95313  2.53617  4.29955  2.90872  3.62191  3.69978  1.49475  3.24907  4.10645  2.99547  3.85079  2.78128  2.33430  2.77557  2.99699  3.35971  5.38299  4.12833    100 - -
          2.68618  4.42225  2.77519  2.73123  3.46354  2.40513  3.72494  3.29354  2.67741  2.69355  4.24690  2.90347  2.73739  3.18146  2.89801  2.37887  2.77519  2.98518  4.58477  3.61503
          0.03285  3.82798  4.55032  0.61958  0.77255  0.48576  0.95510
    101   2.65636  4.33175  3.65336  3.14025  3.45581  3.58492  3.99482  2.41394  2.85641  2.25780  3.42809  3.47575  4.03846  3.32251  2.76775  2.93170  2.93855  1.59662  5.03376  3.77112    101 - -
          2.68618  4.42225  2.77519  2.73123  3.46354  2.40513  3.72494  3.29354  2.67741  2.69355  4.24690  2.90347  2.73739  3.18146  2.89801  2.37887  2.77519  2.98518  4.58477  3.61503
          0.03285  3.82798  4.55032  0.61958  0.77255  0.48576  0.95510
    102   2.79646  4.91331  3.12980  2.58471  4.24669  3.48539  3.57144  3.62432  1.50896  3.16138  4.02655  3.03512  3.88680  2.58844  2.19009  2.81963  3.00294  3.11014  5.31683  4.07410    102 - -
          2.68618  4.42225  2.77519  2.73123  3.46354  2.40513  3.72494  3.29354  2.67741  2.69355  4.24690  2.90347  2.73739  3.18146  2.89801  2.37887  2.77519  2.98518  4.58477  3.61503
          0.02223  3.81736        *  0.61958  0.77255  0.00000        *
//
