HMMER3/b [3.0 | March 2010]
NAME  ct_profile_hit
LENG  108
ALPH  amino
RF    no
CS    no
MAP   yes
DATE  Mon Feb  8 13:14:23 2016
NSEQ  52
EFFN  0.491943
CKSUM 3270327021
STATS LOCAL MSV       -9.9576  0.71569
STATS LOCAL VITERBI  -10.6471  0.71569
STATS LOCAL FORWARD   -4.0142  0.71569
HMM          A        C        D        E        F        G        H        I        K        L        M        N        P        Q        R        S        T        V        W        Y   
            m->m     m->i     m->d     i->m     i->i     d->m     d->d
  COMPO   2.58761  3.49870  2.76043  2.66901  3.15810  2.93445  3.74861  3.16405  2.65382  2.73712  3.73666  2.96401  3.25814  3.07862  2.93929  2.71712  2.79807  2.90588  3.69272  3.08040
          2.68618  4.42225  2.77519  2.73123  3.46354  2.40513  3.72494  3.29354  2.67741  2.69355  4.24690  2.90347  2.73739  3.18146  2.89801  2.37887  2.77519  2.98518  4.58477  3.61503
          0.05497  3.86575  3.42523  0.61958  0.77255  0.00000        *
      1   2.66902  4.27567  3.66151  3.15461  2.01254  3.62618  3.71988  2.70715  3.06953  2.38450  3.38258  3.32888  4.02635  3.34877  3.34701  2.92444  2.53502  2.51985  4.35718  2.59789      1 - -
          2.68618  4.42225  2.77519  2.73123  3.46354  2.40513  3.72494  3.29354  2.67741  2.69355  4.24690  2.90347  2.73739  3.18146  2.89801  2.37887  2.77519  2.98518  4.58477  3.61503
          0.03235  3.84312  4.56547  0.61958  0.77255  0.47340  0.97519
      2   2.64545  4.48841  3.12102  2.38899  3.62842  3.46771  3.79467  2.84397  2.63929  1.83269  3.56290  3.16205  3.74320  3.05122  2.98049  2.80454  2.81126  2.64503  5.08859  3.82347      2 - -
          2.68618  4.42225  2.77519  2.73123  3.46354  2.40513  3.72494  3.29354  2.67741  2.69355  4.24690  2.90347  2.73739  3.18146  2.89801  2.37887  2.77519  2.98518  4.58477  3.61503
          0.03161  3.86575  4.58809  0.61958  0.77255  0.48576  0.95510
      3   2.66425  4.42941  3.34249  2.77633  2.86537  3.55664  3.44456  2.96430  2.74991  2.61720  3.54374  3.03942  3.94765  3.09672  3.04911  2.82852  2.89739  2.66400  4.49768  2.03163      3 - -
          2.68618  4.42225  2.77519  2.73123  3.46354  2.40513  3.72494  3.29354  2.67741  2.69355  4.24690  2.90347  2.73739  3.18146  2.89801  2.37887  2.77519  2.98518  4.58477  3.61503
          0.03161  3.86575  4.58809  0.61958  0.77255  0.48576  0.95510
      4   2.45843  4.22123  3.49255  2.85803  3.37134  3.53908  3.81964  2.42345  2.86086  2.28461  3.26736  3.31425  3.92395  3.16987  3.19464  2.54360  2.67484  2.14879  4.84483  3.51453      4 - -
          2.68618  4.42225  2.77519  2.73123  3.46354  2.40513  3.72494  3.29354  2.67741  2.69355  4.24690  2.90347  2.73739  3.18146  2.89801  2.37887  2.77519  2.98518  4.58477  3.61503
          0.03161  3.86575  4.58809  0.61958  0.77255  0.48576  0.95510
      5   2.60471  4.20469  3.81359  3.13879  3.34173  3.72632  4.04854  2.04430  3.15095  1.98915  3.23305  3.58570  3.99432  3.45289  3.43437  2.94296  2.89349  1.76967  4.92159  3.70893      5 - -
          2.68618  4.42225  2.77519  2.73123  3.46354  2.40513  3.72494  3.29354  2.67741  2.69355  4.24690  2.90347  2.73739  3.18146  2.89801  2.37887  2.77519  2.98518  4.58477  3.61503
          0.03161  3.86575  4.58809  0.61958  0.77255  0.48576  0.95510
      6   2.45638  4.36306  3.14195  2.64425  3.77818  2.02124  3.81920  2.73226  2.70839  2.82252  3.72062  3.12519  3.79472  3.06918  3.07327  2.55569  2.78171  2.65964  5.17311  3.90163      6 - -
          2.68618  4.42225  2.77519  2.73123  3.46354  2.40513  3.72494  3.29354  2.67741  2.69355  4.24690  2.90347  2.73739  3.18146  2.89801  2.37887  2.77519  2.98518  4.58477  3.61503
          0.03161  3.86575  4.58809  0.61958  0.77255  0.48576  0.95510
      7   2.94074  5.00730  3.31338  2.71928  4.34900  3.57337  3.41603  3.76992  1.80053  3.25913  4.13786  3.12867  3.96315  2.73004  1.40457  2.95789  3.12533  3.46608  5.32693  4.11749      7 - -
          2.68618  4.42225  2.77519  2.73123  3.46354  2.40513  3.72494  3.29354  2.67741  2.69355  4.24690  2.90347  2.73739  3.18146  2.89801  2.37887  2.77519  2.98518  4.58477  3.61503
          0.03161  3.86575  4.58809  0.61958  0.77255  0.48576  0.95510
      8   2.86627  5.05561  3.00897  2.53886  4.41669  3.48478  3.57701  3.81651  1.58988  3.30581  4.16299  3.00512  3.90257  2.05644  2.23162  2.85733  3.06828  3.48745  5.41071  4.16169      8 - -
          2.68618  4.42225  2.77519  2.73123  3.46354  2.40513  3.72494  3.29354  2.67741  2.69355  4.24690  2.90347  2.73739  3.18146  2.89801  2.37887  2.77519  2.98518  4.58477  3.61503
          0.03161  3.86575  4.58809  0.61958  0.77255  0.48576  0.95510
      9   2.94967  5.04467  3.30640  2.70946  4.45795  3.56829  3.57844  3.82499  1.34773  3.30421  4.18198  3.12327  3.96027  2.72243  1.81573  2.95726  3.13455  3.51275  5.37567  4.18656      9 - -
          2.68618  4.42225  2.77519  2.73123  3.46354  2.40513  3.72494  3.29354  2.67741  2.69355  4.24690  2.90347  2.73739  3.18146  2.89801  2.37887  2.77519  2.98518  4.58477  3.61503
          0.03161  3.86575  4.58809  0.61958  0.77255  0.48576  0.95510
     10   3.12882  4.50058  4.57739  4.01506  3.08489  4.35259  4.65729  1.77780  3.87435  1.20917  2.37917  4.30690  4.57877  4.06161  4.05290  3.68381  3.35567  2.07912  5.10232  3.99641     10 - -
          2.68618  4.42225  2.77519  2.73123  3.46354  2.40513  3.72494  3.29354  2.67741  2.69355  4.24690  2.90347  2.73739  3.18146  2.89801  2.37887  2.77519  2.98518  4.58477  3.61503
          0.03161  3.86575  4.58809  0.61958  0.77255  0.48576  0.95510
     11   2.74647  4.24615  4.01725  3.44615  3.18703  3.85230  4.15518  2.01166  3.32856  1.72240  2.43224  3.74912  4.19023  3.49716  3.57138  3.06076  2.95066  2.04714  4.88716  3.71009     11 - -
          2.68618  4.42225  2.77519  2.73123  3.46354  2.40513  3.72494  3.29354  2.67741  2.69355  4.24690  2.90347  2.73739  3.18146  2.89801  2.37887  2.77519  2.98518  4.58477  3.61503
          0.03161  3.86575  4.58809  0.61958  0.77255  0.48576  0.95510
     12   2.86176  5.40633  1.49090  1.77629  4.67941  3.17470  3.68953  4.19027  2.67800  3.69628  4.54118  2.56621  3.78205  2.73238  3.25294  2.75467  3.14353  3.77485  5.86315  4.37050     12 - -
          2.68618  4.42225  2.77519  2.73123  3.46354  2.40513  3.72494  3.29354  2.67741  2.69355  4.24690  2.90347  2.73739  3.18146  2.89801  2.37887  2.77519  2.98518  4.58477  3.61503
          0.03161  3.86575  4.58809  0.61958  0.77255  0.48576  0.95510
     13   1.29080  4.09910  3.34676  3.09018  4.13164  2.89843  4.15227  3.42693  3.13243  3.22093  4.10021  3.24692  3.64418  3.44325  3.42452  1.97080  2.66227  2.96137  5.51672  4.28849     13 - -
          2.68618  4.42225  2.77519  2.73123  3.46354  2.40513  3.72494  3.29354  2.67741  2.69355  4.24690  2.90347  2.73739  3.18146  2.89801  2.37887  2.77519  2.98518  4.58477  3.61503
          0.03161  3.86575  4.58809  0.61958  0.77255  0.48576  0.95510
     14   2.82268  5.02811  2.63853  2.26426  4.31695  3.35202  3.65061  3.75982  2.24886  3.30384  4.18918  2.89383  3.85823  1.63958  2.60174  2.80992  3.06957  3.43497  5.46831  4.14640     14 - -
          2.68618  4.42225  2.77519  2.73123  3.46354  2.40513  3.72494  3.29354  2.67741  2.69355  4.24690  2.90347  2.73739  3.18146  2.89801  2.37887  2.77519  2.98518  4.58477  3.61503
          0.03161  3.86575  4.58809  0.61958  0.77255  0.48576  0.95510
     15   2.80472  4.44272  3.60979  3.10597  2.16298  3.70933  3.13181  2.97243  2.95132  2.58477  3.56404  3.30117  4.08128  3.23545  3.31320  2.95263  3.03415  2.76794  4.11521  1.85360     15 - -
          2.68618  4.42225  2.77519  2.73123  3.46354  2.40513  3.72494  3.29354  2.67741  2.69355  4.24690  2.90347  2.73739  3.18146  2.89801  2.37887  2.77519  2.98518  4.58477  3.61503
          0.03161  3.86575  4.58809  0.61958  0.77255  0.48576  0.95510
     16   2.76194  5.03102  2.76097  2.39477  4.37347  3.35991  3.56791  3.78047  1.60129  3.29145  4.11508  2.92149  3.84192  2.58316  2.26731  2.74684  2.97624  3.43095  5.42690  4.13241     16 - -
          2.68618  4.42225  2.77519  2.73123  3.46354  2.40513  3.72494  3.29354  2.67741  2.69355  4.24690  2.90347  2.73739  3.18146  2.89801  2.37887  2.77519  2.98518  4.58477  3.61503
          0.03161  3.86575  4.58809  0.61958  0.77255  0.48576  0.95510
     17   2.57869  0.95418  4.09607  3.83419  3.82709  3.20306  4.48275  2.96990  3.66110  2.88567  4.00675  3.82297  3.90949  4.00747  3.78666  2.85032  3.04489  2.71493  5.24461  4.11482     17 - -
          2.68618  4.42225  2.77519  2.73123  3.46354  2.40513  3.72494  3.29354  2.67741  2.69355  4.24690  2.90347  2.73739  3.18146  2.89801  2.37887  2.77519  2.98518  4.58477  3.61503
          0.03161  3.86575  4.58809  0.61958  0.77255  0.48576  0.95510
     18   3.30562  4.71437  4.14716  3.77779  1.88727  4.07744  3.46741  3.10962  3.64602  2.52161  3.75503  3.80293  4.44007  3.79866  3.80807  3.44980  3.54833  3.01272  3.69382  1.11368     18 - -
          2.68618  4.42225  2.77519  2.73123  3.46354  2.40513  3.72494  3.29354  2.67741  2.69355  4.24690  2.90347  2.73739  3.18146  2.89801  2.37887  2.77519  2.98518  4.58477  3.61503
          0.03161  3.86575  4.58809  0.61958  0.77255  0.48576  0.95510
     19   2.81840  5.33093  1.67791  1.66960  4.60490  3.19701  3.57548  4.10949  2.60905  3.61877  4.44970  2.63102  3.77734  2.82401  3.06535  2.72678  3.09070  3.70078  5.78305  4.31341     19 - -
          2.68618  4.42225  2.77519  2.73123  3.46354  2.40513  3.72494  3.29354  2.67741  2.69355  4.24690  2.90347  2.73739  3.18146  2.89801  2.37887  2.77519  2.98518  4.58477  3.61503
          0.03161  3.86575  4.58809  0.61958  0.77255  0.48576  0.95510
     20   2.94114  5.00825  3.29722  2.71767  4.38751  3.56646  3.58236  3.77067  1.83390  3.25933  4.14434  3.12683  3.96284  2.61185  1.39293  2.95865  3.12904  3.46812  5.34968  4.15266     20 - -
          2.68618  4.42225  2.77519  2.73123  3.46354  2.40513  3.72494  3.29354  2.67741  2.69355  4.24690  2.90347  2.73739  3.18146  2.89801  2.37887  2.77519  2.98518  4.58477  3.61503
          0.03161  3.86575  4.58809  0.61958  0.77255  0.48576  0.95510
     21   2.99769  4.48879  4.23629  3.72568  3.13051  4.05727  4.43888  2.07271  3.51540  1.63831  1.65306  4.02267  4.40654  3.83187  3.73214  3.42031  3.26016  2.19155  5.05381  3.85244     21 - -
          2.68618  4.42225  2.77519  2.73123  3.46354  2.40513  3.72494  3.29354  2.67741  2.69355  4.24690  2.90347  2.73739  3.18146  2.89801  2.37887  2.77519  2.98518  4.58477  3.61503
          0.03161  3.86575  4.58809  0.61958  0.77255  0.48576  0.95510
     22   2.61288  4.96945  2.75252  2.16177  4.26353  3.29396  3.51272  3.69358  2.19408  3.10265  4.04241  2.51944  3.78583  2.29009  2.61687  2.64762  2.88872  3.33713  5.41423  4.07012     22 - -
          2.68618  4.42225  2.77519  2.73123  3.46354  2.40513  3.72494  3.29354  2.67741  2.69355  4.24690  2.90347  2.73739  3.18146  2.89801  2.37887  2.77519  2.98518  4.58477  3.61503
          0.03161  3.86575  4.58809  0.61958  0.77255  0.48576  0.95510
     23   2.80155  5.03762  3.01029  2.42216  4.38978  3.47417  3.43119  3.78443  1.92624  3.28226  4.11194  2.92475  3.87085  2.04398  2.04683  2.79068  3.00161  3.44425  5.39987  4.13477     23 - -
          2.68618  4.42225  2.77519  2.73123  3.46354  2.40513  3.72494  3.29354  2.67741  2.69355  4.24690  2.90347  2.73739  3.18146  2.89801  2.37887  2.77519  2.98518  4.58477  3.61503
          0.03161  3.86575  4.58809  0.61958  0.77255  0.48576  0.95510
     24   2.39694  4.41527  2.91964  2.65623  3.59671  3.42926  3.71894  2.91578  2.63172  2.10727  3.35630  3.10875  3.84525  2.91750  3.02144  2.57052  2.79077  2.67423  5.00789  3.73971     24 - -
          2.68618  4.42225  2.77519  2.73123  3.46354  2.40513  3.72494  3.29354  2.67741  2.69355  4.24690  2.90347  2.73739  3.18146  2.89801  2.37887  2.77519  2.98518  4.58477  3.61503
          0.03161  3.86575  4.58809  0.61958  0.77255  0.48576  0.95510
     25   2.34944  4.32586  3.12278  2.83509  3.93166  3.09572  3.94932  3.29923  2.81459  2.87310  3.97154  3.15972  1.68293  3.21323  3.13378  2.47139  2.79945  2.94973  5.33681  4.03107     25 - -
          2.68618  4.42225  2.77519  2.73123  3.46354  2.40513  3.72494  3.29354  2.67741  2.69355  4.24690  2.90347  2.73739  3.18146  2.89801  2.37887  2.77519  2.98518  4.58477  3.61503
          0.03161  3.86575  4.58809  0.61958  0.77255  0.48576  0.95510
     26   2.36331  4.30614  3.07153  2.86496  4.09814  3.01343  4.03015  3.56379  2.93603  3.25764  4.17029  3.16562  1.46310  3.30507  3.24887  2.32916  2.81120  3.13010  5.44603  4.16805     26 - -
          2.68618  4.42225  2.77519  2.73123  3.46354  2.40513  3.72494  3.29354  2.67741  2.69355  4.24690  2.90347  2.73739  3.18146  2.89801  2.37887  2.77519  2.98518  4.58477  3.61503
          0.03161  3.86575  4.58809  0.61958  0.77255  0.48576  0.95510
     27   2.92110  4.59056  3.20011  3.09867  2.39517  3.70499  3.56783  3.08605  3.09167  2.66417  3.72817  3.41091  4.13098  3.37057  3.39400  3.06078  3.17525  2.89899  4.07522  1.41219     27 - -
          2.68618  4.42225  2.77519  2.73123  3.46354  2.40513  3.72494  3.29354  2.67741  2.69355  4.24690  2.90347  2.73739  3.18146  2.89801  2.37887  2.77519  2.98518  4.58477  3.61503
          0.03161  3.86575  4.58809  0.61958  0.77255  0.48576  0.95510
     28   2.71002  5.06566  2.64476  2.01856  4.38220  3.34712  3.57532  3.81807  2.09894  3.33331  4.13974  2.75247  3.79577  2.21070  2.54436  2.62848  2.93934  3.44685  5.48657  4.13658     28 - -
          2.68618  4.42225  2.77519  2.73123  3.46354  2.40513  3.72494  3.29354  2.67741  2.69355  4.24690  2.90347  2.73739  3.18146  2.89801  2.37887  2.77519  2.98518  4.58477  3.61503
          0.03161  3.86575  4.58809  0.61958  0.77255  0.48576  0.95510
     29   2.67654  4.81188  2.79900  2.42336  4.22444  2.08029  3.65959  3.63132  2.00582  3.21318  4.06074  2.94009  3.81784  2.82822  2.54554  2.70969  2.94575  3.28692  5.40157  4.10916     29 - -
          2.68618  4.42225  2.77519  2.73123  3.46354  2.40513  3.72494  3.29354  2.67741  2.69355  4.24690  2.90347  2.73739  3.18146  2.89801  2.37887  2.77519  2.98518  4.58477  3.61503
          0.03161  3.86575  4.58809  0.61958  0.77255  0.48576  0.95510
     30   2.75779  5.12077  2.43499  1.65376  4.42824  3.28645  3.62427  3.87185  2.10596  3.40482  4.23135  2.77543  3.79706  2.72058  2.81061  2.57480  3.00651  3.50167  5.57443  4.19657     30 - -
          2.68618  4.42225  2.77519  2.73123  3.46354  2.40513  3.72494  3.29354  2.67741  2.69355  4.24690  2.90347  2.73739  3.18146  2.89801  2.37887  2.77519  2.98518  4.58477  3.61503
          0.03161  3.86575  4.58809  0.61958  0.77255  0.48576  0.95510
     31   2.56939  4.45799  2.99786  2.75464  4.30905  1.01339  4.12960  3.80361  3.09221  3.48269  4.41088  3.23287  3.78432  3.42742  3.40335  2.70679  3.01533  3.36044  5.50407  4.36213     31 - -
          2.68618  4.42225  2.77519  2.73123  3.46354  2.40513  3.72494  3.29354  2.67741  2.69355  4.24690  2.90347  2.73739  3.18146  2.89801  2.37887  2.77519  2.98518  4.58477  3.61503
          0.03161  3.86575  4.58809  0.61958  0.77255  0.48576  0.95510
     32   2.54696  4.34897  3.46549  2.99232  3.49154  3.44948  3.95080  2.66126  2.87740  1.88687  3.45362  3.35296  2.45521  3.25271  3.19658  2.79403  2.88127  2.40633  5.06093  3.79691     32 - -
          2.68618  4.42225  2.77519  2.73123  3.46354  2.40513  3.72494  3.29354  2.67741  2.69355  4.24690  2.90347  2.73739  3.18146  2.89801  2.37887  2.77519  2.98518  4.58477  3.61503
          0.03161  3.86575  4.58809  0.61958  0.77255  0.48576  0.95510
     33   3.34130  4.71412  4.23538  3.86189  1.75286  4.12738  3.44952  3.11196  3.73150  2.50767  3.74394  3.84098  4.47216  3.84371  3.87266  3.48882  3.57661  3.02096  3.65519  1.14836     33 - -
          2.68618  4.42225  2.77519  2.73123  3.46354  2.40513  3.72494  3.29354  2.67741  2.69355  4.24690  2.90347  2.73739  3.18146  2.89801  2.37887  2.77519  2.98518  4.58477  3.61503
          0.03161  3.86575  4.58809  0.61958  0.77255  0.48576  0.95510
     34   2.57869  0.95418  4.09607  3.83419  3.82709  3.20306  4.48275  2.96990  3.66110  2.88567  4.00675  3.82297  3.90949  4.00747  3.78666  2.85032  3.04489  2.71493  5.24461  4.11482     34 - -
          2.68618  4.42225  2.77519  2.73123  3.46354  2.40513  3.72494  3.29354  2.67741  2.69355  4.24690  2.90347  2.73739  3.18146  2.89801  2.37887  2.77519  2.98518  4.58477  3.61503
          0.03161  3.86575  4.58809  0.61958  0.77255  0.48576  0.95510
     35   2.71787  4.71420  2.70462  2.58942  4.07667  3.17948  3.91560  3.78561  2.81873  3.43324  4.38854  1.17001  3.83101  3.18835  3.17316  2.78533  3.09952  3.40850  5.38336  4.02549     35 - -
          2.68618  4.42225  2.77519  2.73123  3.46354  2.40513  3.72494  3.29354  2.67741  2.69355  4.24690  2.90347  2.73739  3.18146  2.89801  2.37887  2.77519  2.98518  4.58477  3.61503
          0.03161  3.86575  4.58809  0.61958  0.77255  0.48576  0.95510
     36   2.99790  4.83748  3.48787  3.00035  4.19036  3.48717  3.81944  3.73161  2.23473  3.24877  4.24913  3.36059  3.99009  3.04011  0.98870  3.08240  3.26432  3.45585  5.27613  4.11919     36 - -
          2.68618  4.42225  2.77519  2.73123  3.46354  2.40513  3.72494  3.29354  2.67741  2.69355  4.24690  2.90347  2.73739  3.18146  2.89801  2.37887  2.77519  2.98518  4.58477  3.61503
          0.03161  3.86575  4.58809  0.61958  0.77255  0.48576  0.95510
     37   2.40911  4.25417  3.42214  3.17384  3.96295  3.09367  4.19168  3.08927  3.11668  2.95300  4.00396  3.38430  3.79690  3.51185  3.37569  2.61031  1.18335  2.78496  5.40135  4.17959     37 - -
          2.68618  4.42225  2.77519  2.73123  3.46354  2.40513  3.72494  3.29354  2.67741  2.69355  4.24690  2.90347  2.73739  3.18146  2.89801  2.37887  2.77519  2.98518  4.58477  3.61503
          0.03161  3.86575  4.58809  0.61958  0.77255  0.48576  0.95510
     38   3.32447  4.70154  4.08091  3.78535  2.65947  3.72264  3.89163  3.34779  3.50771  2.74383  3.98190  3.93577  4.23981  3.89567  3.63724  3.52823  3.62453  3.23794  0.89896  2.66192     38 - -
          2.68618  4.42225  2.77519  2.73123  3.46354  2.40513  3.72494  3.29354  2.67741  2.69355  4.24690  2.90347  2.73739  3.18146  2.89801  2.37887  2.77519  2.98518  4.58477  3.61503
          0.03161  3.86575  4.58809  0.61958  0.77255  0.48576  0.95510
     39   2.98240  5.10962  0.92774  2.33077  4.48573  3.20559  3.92515  4.07238  3.00800  3.68191  4.65988  2.88680  3.85791  3.16429  3.52330  2.94552  3.32083  3.71228  5.65565  4.35975     39 - -
          2.68618  4.42225  2.77519  2.73123  3.46354  2.40513  3.72494  3.29354  2.67741  2.69355  4.24690  2.90347  2.73739  3.18146  2.89801  2.37887  2.77519  2.98518  4.58477  3.61503
          0.03161  3.86575  4.58809  0.61958  0.77255  0.48576  0.95510
     40   2.65659  4.43268  3.32899  3.22755  4.36995  0.73956  4.34823  3.96794  3.40791  3.62291  4.59861  3.49330  3.82360  3.73260  3.64468  2.82832  3.13731  3.49756  5.46686  4.47162     40 - -
          2.68618  4.42225  2.77519  2.73123  3.46354  2.40513  3.72494  3.29354  2.67741  2.69355  4.24690  2.90347  2.73739  3.18146  2.89801  2.37887  2.77519  2.98518  4.58477  3.61503
          0.03161  3.86575  4.58809  0.61958  0.77255  0.48576  0.95510
     41   3.32447  4.70154  4.08091  3.78535  2.65947  3.72264  3.89163  3.34779  3.50771  2.74383  3.98190  3.93577  4.23981  3.89567  3.63724  3.52823  3.62453  3.23794  0.89896  2.66192     41 - -
          2.68618  4.42225  2.77519  2.73123  3.46354  2.40513  3.72494  3.29354  2.67741  2.69355  4.24690  2.90347  2.73739  3.18146  2.89801  2.37887  2.77519  2.98518  4.58477  3.61503
          0.03161  3.86575  4.58809  0.61958  0.77255  0.48576  0.95510
     42   2.60699  4.26866  3.82657  3.28081  3.27680  3.71172  4.07277  2.34087  3.13519  1.69117  2.42570  3.60499  4.10357  3.45990  3.40425  2.92657  2.81584  2.22419  4.92964  3.72941     42 - -
          2.68618  4.42225  2.77519  2.73123  3.46354  2.40513  3.72494  3.29354  2.67741  2.69355  4.24690  2.90347  2.73739  3.18146  2.89801  2.37887  2.77519  2.98518  4.58477  3.61503
          0.03161  3.86575  4.58809  0.61958  0.77255  0.48576  0.95510
     43   2.57869  0.95418  4.09607  3.83419  3.82709  3.20306  4.48275  2.96990  3.66110  2.88567  4.00675  3.82297  3.90949  4.00747  3.78666  2.85032  3.04489  2.71493  5.24461  4.11482     43 - -
          2.68618  4.42225  2.77519  2.73123  3.46354  2.40513  3.72494  3.29354  2.67741  2.69355  4.24690  2.90347  2.73739  3.18146  2.89801  2.37887  2.77519  2.98518  4.58477  3.61503
          0.03161  3.86575  4.58809  0.61958  0.77255  0.48576  0.95510
     44   3.32447  4.70154  4.08091  3.78535  2.65947  3.72264  3.89163  3.34779  3.50771  2.74383  3.98190  3.93577  4.23981  3.89567  3.63724  3.52823  3.62453  3.23794  0.89896  2.66192     44 - -
          2.68618  4.42225  2.77519  2.73123  3.46354  2.40513  3.72494  3.29354  2.67741  2.69355  4.24690  2.90347  2.73739  3.18146  2.89801  2.37887  2.77519  2.98518  4.58477  3.61503
          0.03161  3.86575  4.58809  0.61958  0.77255  0.48576  0.95510
     45   2.90633  5.29797  1.17894  2.02684  4.61251  3.16863  3.77347  4.11079  2.81416  3.69258  4.59639  2.69461  3.80819  2.96503  3.38055  2.82002  3.21535  3.72537  5.82436  4.38119     45 - -
          2.68618  4.42225  2.77519  2.73123  3.46354  2.40513  3.72494  3.29354  2.67741  2.69355  4.24690  2.90347  2.73739  3.18146  2.89801  2.37887  2.77519  2.98518  4.58477  3.61503
          0.03161  3.86575  4.58809  0.61958  0.77255  0.48576  0.95510
     46   2.98240  5.10962  0.92774  2.33077  4.48573  3.20559  3.92515  4.07238  3.00800  3.68191  4.65988  2.88680  3.85791  3.16429  3.52330  2.94552  3.32083  3.71228  5.65565  4.35975     46 - -
          2.68618  4.42225  2.77519  2.73123  3.46354  2.40513  3.72494  3.29354  2.67741  2.69355  4.24690  2.90347  2.73739  3.18146  2.89801  2.37887  2.77519  2.98518  4.58477  3.61503
          0.03161  3.86575  4.58809  0.61958  0.77255  0.48576  0.95510
     47   2.28730  4.20650  3.39006  3.12763  3.97238  3.05570  4.16134  3.04873  3.07632  2.93842  3.96329  3.33157  3.76391  3.46186  3.34719  2.53651  1.30967  2.73275  5.43363  4.19375     47 - -
          2.68618  4.42225  2.77519  2.73123  3.46354  2.40513  3.72494  3.29354  2.67741  2.69355  4.24690  2.90347  2.73739  3.18146  2.89801  2.37887  2.77519  2.98518  4.58477  3.61503
          0.03161  3.86575  4.58809  0.61958  0.77255  0.48576  0.95510
     48   2.74259  4.50105  3.34903  3.18710  4.18285  3.18894  4.26511  3.72653  3.24382  3.35410  4.40367  3.49448  0.84022  3.63281  3.49012  2.90987  3.18362  3.37268  5.37125  4.30343     48 - -
          2.68618  4.42225  2.77519  2.73123  3.46354  2.40513  3.72494  3.29354  2.67741  2.69355  4.24690  2.90347  2.73739  3.18146  2.89801  2.37887  2.77519  2.98518  4.58477  3.61503
          0.03161  3.86575  4.58809  0.61958  0.77255  0.48576  0.95510
     49   1.02349  4.18872  3.45579  3.24679  4.04571  3.01344  4.26963  3.17021  3.26288  3.05214  4.08471  3.39810  3.75202  3.60466  3.51387  2.53907  2.81597  2.82578  5.47354  4.27304     49 - -
          2.68618  4.42225  2.77519  2.73123  3.46354  2.40513  3.72494  3.29354  2.67741  2.69355  4.24690  2.90347  2.73739  3.18146  2.89801  2.37887  2.77519  2.98518  4.58477  3.61503
          0.03161  3.86575  4.58809  0.61958  0.77255  0.48576  0.95510
     50   2.65659  4.43268  3.32899  3.22755  4.36995  0.73956  4.34823  3.96794  3.40791  3.62291  4.59861  3.49330  3.82360  3.73260  3.64468  2.82832  3.13731  3.49756  5.46686  4.47162     50 - -
          2.68618  4.42225  2.77519  2.73123  3.46354  2.40513  3.72494  3.29354  2.67741  2.69355  4.24690  2.90347  2.73739  3.18146  2.89801  2.37887  2.77519  2.98518  4.58477  3.61503
          0.03161  3.86575  4.58809  0.61958  0.77255  0.48576  0.95510
     51   2.46904  4.34095  3.34991  2.67694  3.53878  3.48958  3.77595  2.67690  2.67999  2.54804  3.40635  3.21833  3.89450  3.05701  2.80721  2.75645  2.67052  1.99646  4.97317  3.73026     51 - -
          2.68618  4.42225  2.77519  2.73123  3.46354  2.40513  3.72494  3.29354  2.67741  2.69355  4.24690  2.90347  2.73739  3.18146  2.89801  2.37887  2.77519  2.98518  4.58477  3.61503
          0.03161  3.86575  4.58809  0.61958  0.77255  0.48576  0.95510
     52   2.58549  4.16467  3.71363  3.14223  3.13612  3.63613  3.91595  2.35314  3.05924  1.92228  2.96220  3.30948  4.00358  3.33801  3.34496  2.90539  2.59137  2.14785  4.77883  3.45802     52 - -
          2.68618  4.42225  2.77519  2.73123  3.46354  2.40513  3.72494  3.29354  2.67741  2.69355  4.24690  2.90347  2.73739  3.18146  2.89801  2.37887  2.77519  2.98518  4.58477  3.61503
          0.03161  3.86575  4.58809  0.61958  0.77255  0.48576  0.95510
     53   2.11802  4.29211  3.30794  2.79049  3.63237  3.31346  3.80226  2.92012  2.73988  2.56845  3.57292  3.17725  3.80713  3.07490  3.10739  2.29170  2.39455  2.54091  5.04718  3.60012     53 - -
          2.68618  4.42225  2.77519  2.73123  3.46354  2.40513  3.72494  3.29354  2.67741  2.69355  4.24690  2.90347  2.73739  3.18146  2.89801  2.37887  2.77519  2.98518  4.58477  3.61503
          0.03161  3.86575  4.58809  0.61958  0.77255  0.48576  0.95510
     54   2.41141  4.40707  3.07291  2.53859  3.33893  3.44356  3.56202  2.91253  2.60325  2.63192  3.50332  3.08979  3.83060  2.89011  3.00659  2.63161  2.60761  2.59205  4.96245  3.06042     54 - -
          2.68618  4.42225  2.77519  2.73123  3.46354  2.40513  3.72494  3.29354  2.67741  2.69355  4.24690  2.90347  2.73739  3.18146  2.89801  2.37887  2.77519  2.98518  4.58477  3.61503
          0.03161  3.86575  4.58809  0.61958  0.77255  0.48576  0.95510
     55   2.75251  4.92844  2.78290  2.48234  4.22112  3.36770  3.66520  3.67533  2.16878  3.22365  4.13546  2.96419  3.87111  1.61264  2.54435  2.81223  3.05389  3.36385  5.40243  4.09236     55 - -
          2.68618  4.42225  2.77519  2.73123  3.46354  2.40513  3.72494  3.29354  2.67741  2.69355  4.24690  2.90347  2.73739  3.18146  2.89801  2.37887  2.77519  2.98518  4.58477  3.61503
          0.03161  3.86575  4.58809  0.61958  0.77255  0.48576  0.95510
     56   2.56043  4.45156  3.18101  2.63511  3.22744  3.45785  3.19586  3.00186  2.59243  2.50898  3.54969  2.66787  3.78849  2.93322  2.98995  2.66471  2.69377  2.75026  4.87026  3.06325     56 - -
          2.68618  4.42225  2.77519  2.73123  3.46354  2.40513  3.72494  3.29354  2.67741  2.69355  4.24690  2.90347  2.73739  3.18146  2.89801  2.37887  2.77519  2.98518  4.58477  3.61503
          0.03161  3.86575  4.58809  0.61958  0.77255  0.48576  0.95510
     57   2.57869  0.95418  4.09607  3.83419  3.82709  3.20306  4.48275  2.96990  3.66110  2.88567  4.00675  3.82297  3.90949  4.00747  3.78666  2.85032  3.04489  2.71493  5.24461  4.11482     57 - -
          2.68618  4.42225  2.77519  2.73123  3.46354  2.40513  3.72494  3.29354  2.67741  2.69355  4.24690  2.90347  2.73739  3.18146  2.89801  2.37887  2.77519  2.98518  4.58477  3.61503
          0.03161  3.86575  4.58809  0.61958  0.77255  0.48576  0.95510
     58   2.74259  4.50105  3.34903  3.18710  4.18285  3.18894  4.26511  3.72653  3.24382  3.35410  4.40367  3.49448  0.84022  3.63281  3.49012  2.90987  3.18362  3.37268  5.37125  4.30343     58 - -
          2.68618  4.42225  2.77519  2.73123  3.46354  2.40513  3.72494  3.29354  2.67741  2.69355  4.24690  2.90347  2.73739  3.18146  2.89801  2.37887  2.77519  2.98518  4.58477  3.61503
          0.03161  3.86575  4.58809  0.61958  0.77255  0.48576  0.95510
     59   2.78052  5.13794  1.29095  2.12974  4.56034  2.95611  3.75917  4.08494  2.78762  3.66043  4.52715  2.63653  3.77346  2.94672  3.34746  2.67411  3.11123  3.66007  5.80796  4.34089     59 - -
          2.68618  4.42225  2.77519  2.73123  3.46354  2.40513  3.72494  3.29354  2.67741  2.69355  4.24690  2.90347  2.73739  3.18146  2.89801  2.37887  2.77519  2.98518  4.58477  3.61503
          0.03161  3.86575  4.58809  0.61958  0.77255  0.48576  0.95510
     60   3.23741  4.72912  3.82832  3.55646  2.29362  3.82231  3.61543  3.24756  3.41417  2.70322  3.92329  3.71519  4.29632  3.72182  3.59925  3.37477  3.52405  3.11780  3.93712  0.97704     60 - -
          2.68618  4.42225  2.77519  2.73123  3.46354  2.40513  3.72494  3.29354  2.67741  2.69355  4.24690  2.90347  2.73739  3.18146  2.89801  2.37887  2.77519  2.98518  4.58477  3.61503
          0.03161  3.86575  4.58809  0.61958  0.77255  0.48576  0.95510
     61   3.24982  4.65356  4.22950  3.94272  1.02278  3.94115  3.87429  2.77434  3.84993  2.14595  3.50550  4.01161  4.39989  4.01975  3.97131  3.52009  3.55095  2.76455  4.12537  2.49323     61 - -
          2.68618  4.42225  2.77519  2.73123  3.46354  2.40513  3.72494  3.29354  2.67741  2.69355  4.24690  2.90347  2.73739  3.18146  2.89801  2.37887  2.77519  2.98518  4.58477  3.61503
          0.03161  3.86575  4.58809  0.61958  0.77255  0.48576  0.95510
     62   2.57994  4.53921  2.92306  2.70291  4.03677  3.17580  3.90538  3.55158  2.72882  3.15159  4.11187  3.10860  1.46869  2.88414  3.05180  2.69033  2.95793  3.20599  5.36066  4.07412     62 - -
          2.68618  4.42225  2.77519  2.73123  3.46354  2.40513  3.72494  3.29354  2.67741  2.69355  4.24690  2.90347  2.73739  3.18146  2.89801  2.37887  2.77519  2.98518  4.58477  3.61503
          0.03161  3.86575  4.58809  0.61958  0.77255  0.48576  0.95510
     63   2.98240  5.10962  0.92774  2.33077  4.48573  3.20559  3.92515  4.07238  3.00800  3.68191  4.65988  2.88680  3.85791  3.16429  3.52330  2.94552  3.32083  3.71228  5.65565  4.35975     63 - -
          2.68618  4.42225  2.77519  2.73123  3.46354  2.40513  3.72494  3.29354  2.67741  2.69355  4.24690  2.90347  2.73739  3.18146  2.89801  2.37887  2.77519  2.98518  4.58477  3.61503
          0.03161  3.86575  4.58809  0.61958  0.77255  0.48576  0.95510
     64   3.24982  4.65356  4.22950  3.94272  1.02278  3.94115  3.87429  2.77434  3.84993  2.14595  3.50550  4.01161  4.39989  4.01975  3.97131  3.52009  3.55095  2.76455  4.12537  2.49323     64 - -
          2.68618  4.42225  2.77519  2.73123  3.46354  2.40513  3.72494  3.29354  2.67741  2.69355  4.24690  2.90347  2.73739  3.18146  2.89801  2.37887  2.77519  2.98518  4.58477  3.61503
          0.03161  3.86575  4.58809  0.61958  0.77255  0.48576  0.95510
     65   2.98240  5.10962  0.92774  2.33077  4.48573  3.20559  3.92515  4.07238  3.00800  3.68191  4.65988  2.88680  3.85791  3.16429  3.52330  2.94552  3.32083  3.71228  5.65565  4.35975     65 - -
          2.68618  4.42225  2.77519  2.73123  3.46354  2.40513  3.72494  3.29354  2.67741  2.69355  4.24690  2.90347  2.73739  3.18146  2.89801  2.37887  2.77519  2.98518  4.58477  3.61503
          0.03161  3.86575  4.58809  0.61958  0.77255  0.48576  0.95510
     66   2.25122  4.22554  3.24767  2.85931  3.99538  3.04159  3.94312  3.32219  2.84794  3.05026  3.91539  3.15728  2.03518  3.18924  3.19764  2.17409  2.52816  2.70061  5.35726  4.10936     66 - -
          2.68618  4.42225  2.77519  2.73123  3.46354  2.40513  3.72494  3.29354  2.67741  2.69355  4.24690  2.90347  2.73739  3.18146  2.89801  2.37887  2.77519  2.98518  4.58477  3.61503
          0.03161  3.86575  4.58809  0.61958  0.77255  0.48576  0.95510
     67   2.18147  4.32879  3.12978  2.62407  3.91866  3.06937  3.83381  3.25965  2.71898  2.96905  3.74239  3.09419  3.73135  3.06515  3.09503  2.21875  1.94794  2.90824  5.26976  4.00929     67 - -
          2.68618  4.42225  2.77519  2.73123  3.46354  2.40513  3.72494  3.29354  2.67741  2.69355  4.24690  2.90347  2.73739  3.18146  2.89801  2.37887  2.77519  2.98518  4.58477  3.61503
          0.03161  3.86575  4.58809  0.61958  0.77255  0.48576  0.95510
     68   2.94654  5.05618  2.48481  1.03497  4.40155  3.26975  3.85599  3.85412  2.73567  3.47232  4.44667  2.92913  3.87402  3.07179  3.14381  2.92963  3.25073  3.53866  5.57439  4.29665     68 - -
          2.68618  4.42225  2.77519  2.73123  3.46354  2.40513  3.72494  3.29354  2.67741  2.69355  4.24690  2.90347  2.73739  3.18146  2.89801  2.37887  2.77519  2.98518  4.58477  3.61503
          0.03161  3.86575  4.58809  0.61958  0.77255  0.48576  0.95510
     69   2.75869  4.84544  3.22462  2.61456  4.15340  3.50726  3.58356  3.13482  1.68035  3.08450  3.94559  3.06326  3.88904  2.73867  1.99486  2.76902  2.92731  3.20996  5.27339  4.02987     69 - -
          2.68618  4.42225  2.77519  2.73123  3.46354  2.40513  3.72494  3.29354  2.67741  2.69355  4.24690  2.90347  2.73739  3.18146  2.89801  2.37887  2.77519  2.98518  4.58477  3.61503
          0.03161  3.86575  4.58809  0.61958  0.77255  0.48576  0.95510
     70   2.07542  4.20691  3.88881  3.49667  3.67297  3.44247  4.37723  2.19939  3.40949  2.43050  3.57353  3.68178  4.04890  3.73711  3.66801  2.86723  2.92130  1.36612  5.34297  4.11389     70 - -
          2.68618  4.42225  2.77519  2.73123  3.46354  2.40513  3.72494  3.29354  2.67741  2.69355  4.24690  2.90347  2.73739  3.18146  2.89801  2.37887  2.77519  2.98518  4.58477  3.61503
          0.03161  3.86575  4.58809  0.61958  0.77255  0.48576  0.95510
     71   2.23519  4.15796  3.29831  3.00131  4.06367  2.96341  4.06830  3.36245  2.99699  3.14262  4.02850  3.21864  3.67500  3.34421  3.30221  1.97864  1.55478  2.93748  5.44430  4.20199     71 - -
          2.68618  4.42225  2.77519  2.73123  3.46354  2.40513  3.72494  3.29354  2.67741  2.69355  4.24690  2.90347  2.73739  3.18146  2.89801  2.37887  2.77519  2.98518  4.58477  3.61503
          0.03161  3.86575  4.58809  0.61958  0.77255  0.48576  0.95510
     72   2.92735  4.99617  3.18721  2.69057  4.38673  3.51462  3.62134  3.78149  1.23043  3.29145  4.18965  3.11337  3.94808  2.77868  2.10899  2.94534  3.13798  3.47309  5.37592  4.16776     72 - -
          2.68618  4.42225  2.77519  2.73123  3.46354  2.40513  3.72494  3.29354  2.67741  2.69355  4.24690  2.90347  2.73739  3.18146  2.89801  2.37887  2.77519  2.98518  4.58477  3.61503
          0.03161  3.86575  4.58809  0.61958  0.77255  0.48576  0.95510
     73   3.25378  4.70272  4.07958  3.66614  2.06704  4.02732  3.46225  3.16419  3.43127  2.50626  3.76892  3.73914  4.38922  3.68897  3.61040  3.39027  3.48948  3.04918  3.56632  1.11862     73 - -
          2.68618  4.42225  2.77519  2.73123  3.46354  2.40513  3.72494  3.29354  2.67741  2.69355  4.24690  2.90347  2.73739  3.18146  2.89801  2.37887  2.77519  2.98518  4.58477  3.61503
          0.03161  3.86575  4.58809  0.61958  0.77255  0.48576  0.95510
     74   2.57869  0.95418  4.09607  3.83419  3.82709  3.20306  4.48275  2.96990  3.66110  2.88567  4.00675  3.82297  3.90949  4.00747  3.78666  2.85032  3.04489  2.71493  5.24461  4.11482     74 - -
          2.68618  4.42225  2.77519  2.73123  3.46354  2.40513  3.72494  3.29354  2.67741  2.69355  4.24690  2.90347  2.73739  3.18146  2.89801  2.37887  2.77519  2.98518  4.58477  3.61503
          0.03161  3.86575  4.58809  0.61958  0.77255  0.48576  0.95510
     75   2.86807  5.32502  1.30057  1.95423  4.65569  2.98265  3.73374  4.15226  2.75806  3.69845  4.56595  2.65873  3.78928  2.91178  3.33532  2.77563  3.16905  3.74484  5.85845  4.38860     75 - -
          2.68618  4.42225  2.77519  2.73123  3.46354  2.40513  3.72494  3.29354  2.67741  2.69355  4.24690  2.90347  2.73739  3.18146  2.89801  2.37887  2.77519  2.98518  4.58477  3.61503
          0.03161  3.86575  4.58809  0.61958  0.77255  0.48576  0.95510
     76   2.84632  5.13823  2.39926  1.35426  4.45131  3.27060  3.69574  3.87237  2.31402  3.44962  4.33368  2.79808  3.83135  2.86764  2.87632  2.80195  3.11503  3.52652  5.61656  4.25229     76 - -
          2.68618  4.42225  2.77519  2.73123  3.46354  2.40513  3.72494  3.29354  2.67741  2.69355  4.24690  2.90347  2.73739  3.18146  2.89801  2.37887  2.77519  2.98518  4.58477  3.61503
          0.03161  3.86575  4.58809  0.61958  0.77255  0.48576  0.95510
     77   2.60321  4.84992  2.61096  2.32353  4.12093  3.32657  3.59635  3.54906  2.20388  3.13520  3.95079  2.40258  3.76834  2.74673  2.84043  2.57904  2.46903  3.20898  5.35509  3.74773     77 - -
          2.68618  4.42225  2.77519  2.73123  3.46354  2.40513  3.72494  3.29354  2.67741  2.69355  4.24690  2.90347  2.73739  3.18146  2.89801  2.37887  2.77519  2.98518  4.58477  3.61503
          0.03161  3.86575  4.58809  0.61958  0.77255  0.48576  0.95510
     78   2.65659  4.43268  3.32899  3.22755  4.36995  0.73956  4.34823  3.96794  3.40791  3.62291  4.59861  3.49330  3.82360  3.73260  3.64468  2.82832  3.13731  3.49756  5.46686  4.47162     78 - -
          2.68618  4.42225  2.77519  2.73123  3.46354  2.40513  3.72494  3.29354  2.67741  2.69355  4.24690  2.90347  2.73739  3.18146  2.89801  2.37887  2.77519  2.98518  4.58477  3.61503
          0.03161  3.86575  4.58809  0.61958  0.77255  0.48576  0.95510
     79   2.52065  4.61642  2.75515  2.38638  3.76049  3.38755  3.62333  3.14390  2.46277  2.83905  3.63030  2.62477  3.78918  2.80645  2.90557  2.61829  2.70630  2.52401  5.15838  3.85014     79 - -
          2.68618  4.42225  2.77519  2.73123  3.46354  2.40513  3.72494  3.29354  2.67741  2.69355  4.24690  2.90347  2.73739  3.18146  2.89801  2.37887  2.77519  2.98518  4.58477  3.61503
          0.03161  3.86575  4.58809  0.61958  0.77255  0.48576  0.95510
     80   3.32447  4.70154  4.08091  3.78535  2.65947  3.72264  3.89163  3.34779  3.50771  2.74383  3.98190  3.93577  4.23981  3.89567  3.63724  3.52823  3.62453  3.23794  0.89896  2.66192     80 - -
          2.68618  4.42225  2.77519  2.73123  3.46354  2.40513  3.72494  3.29354  2.67741  2.69355  4.24690  2.90347  2.73739  3.18146  2.89801  2.37887  2.77519  2.98518  4.58477  3.61503
          0.03161  3.86575  4.58809  0.61958  0.77255  0.48576  0.95510
     81   3.26110  4.64897  4.18805  3.78473  1.25029  4.08495  3.12985  3.14808  3.65344  2.57584  3.73873  3.78624  4.42179  3.77762  3.80445  3.41860  3.48700  3.02027  3.64781  1.71213     81 - -
          2.68618  4.42225  2.77519  2.73123  3.46354  2.40513  3.72494  3.29354  2.67741  2.69355  4.24690  2.90347  2.73739  3.18146  2.89801  2.37887  2.77519  2.98518  4.58477  3.61503
          0.03161  3.86575  4.58809  0.61958  0.77255  0.48576  0.95510
     82   2.71340  4.93977  2.90371  2.46930  4.26567  3.44366  3.55876  3.66418  1.73057  3.19828  3.88774  2.95875  3.83662  2.64546  2.10137  2.71864  2.84596  3.32701  5.35522  4.06901     82 - -
          2.68618  4.42225  2.77519  2.73123  3.46354  2.40513  3.72494  3.29354  2.67741  2.69355  4.24690  2.90347  2.73739  3.18146  2.89801  2.37887  2.77519  2.98518  4.58477  3.61503
          0.03161  3.86575  4.58809  0.61958  0.77255  0.48576  0.95510
     83   2.78657  4.91397  2.57100  2.30572  3.88706  3.33489  1.77960  3.64129  2.46131  3.21949  4.11097  2.90916  3.85490  2.89804  2.82823  2.79620  3.04846  3.32814  5.22268  3.79566     83 - -
          2.68618  4.42225  2.77519  2.73123  3.46354  2.40513  3.72494  3.29354  2.67741  2.69355  4.24690  2.90347  2.73739  3.18146  2.89801  2.37887  2.77519  2.98518  4.58477  3.61503
          0.03161  3.86575  4.58809  0.61958  0.77255  0.48576  0.95510
     84   2.40049  4.31781  3.14746  2.92540  4.08048  3.05227  4.06353  3.42799  2.95501  3.14013  4.11233  3.21947  1.40847  3.34027  3.25602  2.56050  2.63824  3.05030  5.44286  4.20034     84 - -
          2.68618  4.42225  2.77519  2.73123  3.46354  2.40513  3.72494  3.29354  2.67741  2.69355  4.24690  2.90347  2.73739  3.18146  2.89801  2.37887  2.77519  2.98518  4.58477  3.61503
          0.03161  3.86575  4.58809  0.61958  0.77255  0.48576  0.95510
     85   2.82039  5.31057  1.92727  1.46281  4.59276  3.03573  3.55604  4.09338  2.63081  3.61207  4.44860  2.66409  3.77912  2.83821  3.18226  2.73228  3.09677  3.68894  5.78069  4.31558     85 - -
          2.68618  4.42225  2.77519  2.73123  3.46354  2.40513  3.72494  3.29354  2.67741  2.69355  4.24690  2.90347  2.73739  3.18146  2.89801  2.37887  2.77519  2.98518  4.58477  3.61503
          0.03161  3.86575  4.58809  0.61958  0.77255  0.48576  0.95510
     86   2.57711  4.74665  2.70108  2.36858  4.04103  3.29861  3.43583  3.48136  2.46204  3.08800  3.91686  2.38310  3.76854  2.80510  2.90997  2.18221  2.60827  3.14705  5.31726  3.83146     86 - -
          2.68618  4.42225  2.77519  2.73123  3.46354  2.40513  3.72494  3.29354  2.67741  2.69355  4.24690  2.90347  2.73739  3.18146  2.89801  2.37887  2.77519  2.98518  4.58477  3.61503
          0.03161  3.86575  4.58809  0.61958  0.77255  0.48576  0.95510
     87   2.71787  4.71420  2.70462  2.58942  4.07667  3.17948  3.91560  3.78561  2.81873  3.43324  4.38854  1.17001  3.83101  3.18835  3.17316  2.78533  3.09952  3.40850  5.38336  4.02549     87 - -
          2.68618  4.42225  2.77519  2.73123  3.46354  2.40513  3.72494  3.29354  2.67741  2.69355  4.24690  2.90347  2.73739  3.18146  2.89801  2.37887  2.77519  2.98518  4.58477  3.61503
          0.03161  3.86575  4.58809  0.61958  0.77255  0.48576  0.95510
     88   2.73489  4.84932  3.12185  2.42651  4.13513  3.48286  3.57991  3.16530  2.08063  3.08216  3.93320  3.02193  3.86868  2.55669  1.82190  2.76928  2.94237  3.21164  5.27556  4.01593     88 - -
          2.68618  4.42225  2.77519  2.73123  3.46354  2.40513  3.72494  3.29354  2.67741  2.69355  4.24690  2.90347  2.73739  3.18146  2.89801  2.37887  2.77519  2.98518  4.58477  3.61503
          0.03161  3.86575  4.58809  0.61958  0.77255  0.48576  0.95510
     89   2.24192  4.15963  3.30245  3.01255  4.05389  2.96879  4.07564  3.33572  3.00236  3.13059  4.02576  3.22698  3.68141  3.35536  3.30215  2.08147  1.49144  2.91993  5.44109  4.19714     89 - -
          2.68618  4.42225  2.77519  2.73123  3.46354  2.40513  3.72494  3.29354  2.67741  2.69355  4.24690  2.90347  2.73739  3.18146  2.89801  2.37887  2.77519  2.98518  4.58477  3.61503
          0.03161  3.86575  4.58809  0.61958  0.77255  0.48576  0.95510
     90   3.32447  4.70154  4.08091  3.78535  2.65947  3.72264  3.89163  3.34779  3.50771  2.74383  3.98190  3.93577  4.23981  3.89567  3.63724  3.52823  3.62453  3.23794  0.89896  2.66192     90 - -
          2.68618  4.42225  2.77519  2.73123  3.46354  2.40513  3.72494  3.29354  2.67741  2.69355  4.24690  2.90347  2.73739  3.18146  2.89801  2.37887  2.77519  2.98518  4.58477  3.61503
          0.03161  3.86575  4.58809  0.61958  0.77255  0.48576  0.95510
     91   2.23034  4.17217  3.21146  2.98236  4.13830  2.92540  4.09689  3.51841  3.02996  3.26630  4.15564  3.19806  3.66181  3.37469  3.33101  1.25529  2.51647  3.04702  5.51285  4.24536     91 - -
          2.68618  4.42225  2.77519  2.73123  3.46354  2.40513  3.72494  3.29354  2.67741  2.69355  4.24690  2.90347  2.73739  3.18146  2.89801  2.37887  2.77519  2.98518  4.58477  3.61503
          0.03161  3.86575  4.58809  0.61958  0.77255  0.48576  0.95510
     92   2.71787  4.71420  2.70462  2.58942  4.07667  3.17948  3.91560  3.78561  2.81873  3.43324  4.38854  1.17001  3.83101  3.18835  3.17316  2.78533  3.09952  3.40850  5.38336  4.02549     92 - -
          2.68618  4.42225  2.77519  2.73123  3.46354  2.40513  3.72494  3.29354  2.67741  2.69355  4.24690  2.90347  2.73739  3.18146  2.89801  2.37887  2.77519  2.98518  4.58477  3.61503
          0.03161  3.86575  4.58809  0.61958  0.77255  0.48576  0.95510
     93   3.23741  4.72912  3.82832  3.55646  2.29362  3.82231  3.61543  3.24756  3.41417  2.70322  3.92329  3.71519  4.29632  3.72182  3.59925  3.37477  3.52405  3.11780  3.93712  0.97704     93 - -
          2.68618  4.42225  2.77519  2.73123  3.46354  2.40513  3.72494  3.29354  2.67741  2.69355  4.24690  2.90347  2.73739  3.18146  2.89801  2.37887  2.77519  2.98518  4.58477  3.61503
          0.03161  3.86575  4.58809  0.61958  0.77255  0.48576  0.95510
     94   2.33667  4.27249  3.15663  2.83635  4.01337  3.06567  3.94244  3.31938  2.71585  3.07353  3.95480  3.14918  3.72026  3.19354  3.12813  2.21108  1.60455  2.93924  5.37122  4.11672     94 - -
          2.68618  4.42225  2.77519  2.73123  3.46354  2.40513  3.72494  3.29354  2.67741  2.69355  4.24690  2.90347  2.73739  3.18146  2.89801  2.37887  2.77519  2.98518  4.58477  3.61503
          0.03161  3.86575  4.58809  0.61958  0.77255  0.48576  0.95510
     95   2.84315  4.37936  4.00168  3.43290  3.15064  3.90412  4.17934  2.32037  3.23714  1.40072  2.43873  3.76458  4.23459  3.56405  3.25991  3.20394  3.07756  2.23092  4.93178  3.75271     95 - -
          2.68618  4.42225  2.77519  2.73123  3.46354  2.40513  3.72494  3.29354  2.67741  2.69355  4.24690  2.90347  2.73739  3.18146  2.89801  2.37887  2.77519  2.98518  4.58477  3.61503
          0.03161  3.86575  4.58809  0.61958  0.77255  0.48576  0.95510
     96   2.57869  0.95418  4.09607  3.83419  3.82709  3.20306  4.48275  2.96990  3.66110  2.88567  4.00675  3.82297  3.90949  4.00747  3.78666  2.85032  3.04489  2.71493  5.24461  4.11482     96 - -
          2.68618  4.42225  2.77519  2.73123  3.46354  2.40513  3.72494  3.29354  2.67741  2.69355  4.24690  2.90347  2.73739  3.18146  2.89801  2.37887  2.77519  2.98518  4.58477  3.61503
          0.03161  3.86575  4.58809  0.61958  0.77255  0.48576  0.95510
     97   2.57559  4.63494  2.65904  2.51036  4.14270  3.13040  3.84979  3.65682  2.70917  3.34229  4.25635  1.44698  3.77791  3.08060  3.07984  2.64886  2.80590  3.26977  5.47136  4.09379     97 - -
          2.68618  4.42225  2.77519  2.73123  3.46354  2.40513  3.72494  3.29354  2.67741  2.69355  4.24690  2.90347  2.73739  3.18146  2.89801  2.37887  2.77519  2.98518  4.58477  3.61503
          0.03161  3.86575  4.58809  0.61958  0.77255  0.48576  0.95510
     98   1.31005  4.09933  3.34499  3.08585  4.13403  2.89764  4.14913  3.43484  3.12883  3.22393  4.10053  3.24423  3.64277  3.43871  3.42267  1.93570  2.66069  2.96659  5.51704  4.28911     98 - -
          2.68618  4.42225  2.77519  2.73123  3.46354  2.40513  3.72494  3.29354  2.67741  2.69355  4.24690  2.90347  2.73739  3.18146  2.89801  2.37887  2.77519  2.98518  4.58477  3.61503
          0.03161  3.86575  4.58809  0.61958  0.77255  0.48576  0.95510
     99   3.28208  4.66152  4.26927  3.90084  1.16615  4.11609  3.59222  2.87102  3.77056  2.22669  3.52519  3.90954  4.46905  3.89415  3.90273  3.50091  3.52806  2.83773  3.80930  2.00955     99 - -
          2.68618  4.42225  2.77519  2.73123  3.46354  2.40513  3.72494  3.29354  2.67741  2.69355  4.24690  2.90347  2.73739  3.18146  2.89801  2.37887  2.77519  2.98518  4.58477  3.61503
          0.03161  3.86575  4.58809  0.61958  0.77255  0.48576  0.95510
    100   2.27179  4.18132  3.46828  3.14988  3.90994  3.07957  4.15015  2.91512  3.06823  2.83925  3.86782  3.34617  3.77290  3.44632  3.34618  2.52996  1.41959  2.54038  5.40396  4.15960    100 - -
          2.68618  4.42225  2.77519  2.73123  3.46354  2.40513  3.72494  3.29354  2.67741  2.69355  4.24690  2.90347  2.73739  3.18146  2.89801  2.37887  2.77519  2.98518  4.58477  3.61503
          0.03161  3.86575  4.58809  0.61958  0.77255  0.48576  0.95510
    101   2.41548  4.50496  2.83154  2.53682  4.12706  3.13065  3.78923  3.56363  2.63413  3.19194  4.03171  2.81216  2.15065  2.86856  3.02911  2.16190  2.80686  3.16343  5.41843  4.11307    101 - -
          2.68618  4.42225  2.77519  2.73123  3.46354  2.40513  3.72494  3.29354  2.67741  2.69355  4.24690  2.90347  2.73739  3.18146  2.89801  2.37887  2.77519  2.98518  4.58477  3.61503
          0.03161  3.86575  4.58809  0.61958  0.77255  0.48576  0.95510
    102   2.80632  5.17897  2.17130  1.34457  4.49833  3.19792  3.70569  3.95485  2.63103  3.53564  4.39833  2.71196  3.79268  2.87950  3.13486  2.64248  3.09571  3.57682  5.71597  4.28283    102 - -
          2.68618  4.42225  2.77519  2.73123  3.46354  2.40513  3.72494  3.29354  2.67741  2.69355  4.24690  2.90347  2.73739  3.18146  2.89801  2.37887  2.77519  2.98518  4.58477  3.61503
          0.03161  3.86575  4.58809  0.61958  0.77255  0.48576  0.95510
    103   2.87073  4.94631  2.99832  2.62398  4.32660  3.42687  3.66494  3.76330  1.23353  3.32443  4.22509  2.95143  3.91539  2.83699  2.35815  2.89424  3.11900  3.43976  5.39527  4.14088    103 - -
          2.68618  4.42225  2.77519  2.73123  3.46354  2.40513  3.72494  3.29354  2.67741  2.69355  4.24690  2.90347  2.73739  3.18146  2.89801  2.37887  2.77519  2.98518  4.58477  3.61503
          0.03161  3.86575  4.58809  0.61958  0.77255  0.48576  0.95510
    104   2.88382  4.41877  4.02351  3.45491  3.13604  3.93986  4.19590  2.29006  3.22583  1.29049  2.62736  3.78991  4.26320  3.57505  3.24067  3.24421  3.11649  2.31877  4.93998  3.75029    104 - -
          2.68618  4.42225  2.77519  2.73123  3.46354  2.40513  3.72494  3.29354  2.67741  2.69355  4.24690  2.90347  2.73739  3.18146  2.89801  2.37887  2.77519  2.98518  4.58477  3.61503
          0.03161  3.86575  4.58809  0.61958  0.77255  0.48576  0.95510
    105   2.79968  5.04756  2.94860  2.46764  4.39009  3.45577  3.38653  3.80089  1.71940  3.29837  4.12813  2.79183  3.86497  2.14763  2.29388  2.78512  3.00466  3.45678  5.41232  4.13502    105 - -
          2.68618  4.42225  2.77519  2.73123  3.46354  2.40513  3.72494  3.29354  2.67741  2.69355  4.24690  2.90347  2.73739  3.18146  2.89801  2.37887  2.77519  2.98518  4.58477  3.61503
          0.03161  3.86575  4.58809  0.61958  0.77255  0.48576  0.95510
    106   2.54733  4.55688  2.91431  2.53683  3.82702  3.31820  3.70060  3.22528  2.54064  2.90867  2.95409  2.11082  3.80027  2.91430  2.93736  2.52649  2.82585  2.93128  5.17961  3.86260    106 - -
          2.68618  4.42225  2.77519  2.73123  3.46354  2.40513  3.72494  3.29354  2.67741  2.69355  4.24690  2.90347  2.73739  3.18146  2.89801  2.37887  2.77519  2.98518  4.58477  3.61503
          0.03161  3.86575  4.58809  0.61958  0.77255  0.48576  0.95510
    107   1.31599  4.17662  3.57142  3.21948  3.81491  3.13145  4.18251  2.66652  3.14019  2.71451  3.78013  3.40500  3.81130  3.49428  3.42049  2.57025  2.77923  2.43766  5.35877  4.10428    107 - -
          2.68618  4.42225  2.77519  2.73123  3.46354  2.40513  3.72494  3.29354  2.67741  2.69355  4.24690  2.90347  2.73739  3.18146  2.89801  2.37887  2.77519  2.98518  4.58477  3.61503
          0.03161  3.86575  4.58809  0.61958  0.77255  0.48576  0.95510
    108   3.36297  4.71224  4.29305  3.92071  1.63023  4.15631  3.44063  3.11311  3.78896  2.49904  3.73713  3.86665  4.49161  3.87531  3.91339  3.51396  3.59449  3.02572  3.63391  1.20001    108 - -
          2.68618  4.42225  2.77519  2.73123  3.46354  2.40513  3.72494  3.29354  2.67741  2.69355  4.24690  2.90347  2.73739  3.18146  2.89801  2.37887  2.77519  2.98518  4.58477  3.61503
          0.02139  3.85552        *  0.61958  0.77255  0.00000        *
//
