HMMER3/f [3.1b2 | February 2015]
NAME  glucagon
LENG  101
ALPH  amino
RF    no
MM    no
CONS  yes
CS    no
MAP   yes
DATE  Thu Sep 15 11:49:12 2016
NSEQ  25
EFFN  0.430298
CKSUM 3271042085
STATS LOCAL MSV       -9.7788  0.71718
STATS LOCAL VITERBI  -10.4278  0.71718
STATS LOCAL FORWARD   -4.1768  0.71718
HMM          A        C        D        E        F        G        H        I        K        L        M        N        P        Q        R        S        T        V        W        Y   
            m->m     m->i     m->d     i->m     i->i     d->m     d->d
  COMPO   2.64723  3.51390  2.88440  2.78920  3.22517  2.98963  3.66787  3.02579  2.70237  2.51552  3.74978  3.03875  3.00121  3.07177  2.92989  2.71005  2.84553  2.72116  3.73348  3.35784
          2.68618  4.42225  2.77519  2.73123  3.46354  2.40513  3.72494  3.29354  2.67741  2.69355  4.24690  2.90347  2.73739  3.18146  2.89801  2.37887  2.77519  2.98518  4.58477  3.61503
          0.03318  3.81818  4.54053  0.61958  0.77255  0.00000        *
      1   2.70954  4.30231  4.21662  3.74791  3.49451  3.91040  4.56291  1.77673  3.61524  2.10275  3.35680  3.99584  4.36186  3.94436  3.86402  3.29805  3.11910  1.22596  5.32683  4.09226      1 v - - -
          2.68618  4.42225  2.77519  2.73123  3.46354  2.40513  3.72494  3.29354  2.67741  2.69355  4.24690  2.90347  2.73739  3.18146  2.89801  2.37887  2.77519  2.98518  4.58477  3.61503
          0.03318  3.81818  4.54053  0.61958  0.77255  0.48576  0.95510
      2   2.85990  4.42742  3.99027  3.49777  3.18780  3.85135  4.27411  2.25958  3.27108  1.71528  1.79344  3.80557  4.25611  3.64243  3.50856  3.21560  3.02167  2.23672  5.02870  3.80928      2 l - - -
          2.68618  4.42225  2.77519  2.73123  3.46354  2.40513  3.72494  3.29354  2.67741  2.69355  4.24690  2.90347  2.73739  3.18146  2.89801  2.37887  2.77519  2.98518  4.58477  3.61503
          0.03318  3.81818  4.54053  0.61958  0.77255  0.48576  0.95510
      3   2.93308  5.04987  0.99917  2.30493  4.42008  3.17114  3.88608  3.99629  2.96041  3.61484  4.59284  2.85809  3.82024  3.12595  3.46833  2.90237  3.27090  3.64165  5.59916  4.30337      3 d - - -
          2.68618  4.42225  2.77519  2.73123  3.46354  2.40513  3.72494  3.29354  2.67741  2.69355  4.24690  2.90347  2.73739  3.18146  2.89801  2.37887  2.77519  2.98518  4.58477  3.61503
          0.03318  3.81818  4.54053  0.61958  0.77255  0.48576  0.95510
      4   3.19087  4.60903  4.16391  3.86902  1.10499  3.89148  3.85592  2.72231  3.77763  2.10546  3.46124  3.95865  4.35206  3.96090  3.91075  3.46299  3.49238  2.70882  4.12288  2.49744      4 f - - -
          2.68618  4.42225  2.77519  2.73123  3.46354  2.40513  3.72494  3.29354  2.67741  2.69355  4.24690  2.90347  2.73739  3.18146  2.89801  2.37887  2.77519  2.98518  4.58477  3.61503
          0.03318  3.81818  4.54053  0.61958  0.77255  0.48576  0.95510
      5   3.09539  4.57439  4.10177  3.74252  3.11694  3.91216  4.41532  2.31942  3.51075  0.94513  3.15895  4.02312  4.35765  3.89212  3.69524  3.47834  3.39256  2.34243  4.97538  3.68580      5 l - - -
          2.68618  4.42225  2.77519  2.73123  3.46354  2.40513  3.72494  3.29354  2.67741  2.69355  4.24690  2.90347  2.73739  3.18146  2.89801  2.37887  2.77519  2.98518  4.58477  3.61503
          0.03318  3.81818  4.54053  0.61958  0.77255  0.48576  0.95510
      6   3.18059  4.58824  4.23476  3.81515  1.35361  4.09038  3.67819  2.66987  3.67254  1.95881  3.34708  3.89268  4.42638  3.83247  3.83028  3.44698  3.42217  2.65676  3.93225  2.20193      6 f - - -
          2.68618  4.42225  2.77519  2.73123  3.46354  2.40513  3.72494  3.29354  2.67741  2.69355  4.24690  2.90347  2.73739  3.18146  2.89801  2.37887  2.77519  2.98518  4.58477  3.61503
          0.03318  3.81818  4.54053  0.61958  0.77255  0.48576  0.95510
      7   2.68733  5.03806  2.37828  1.43705  4.37133  3.23055  3.68936  3.74219  2.43175  3.36828  4.26249  2.77813  3.80118  2.86617  2.91776  2.75190  3.06100  3.40613  5.58732  4.21296      7 e - - -
          2.68618  4.42225  2.77519  2.73123  3.46354  2.40513  3.72494  3.29354  2.67741  2.69355  4.24690  2.90347  2.73739  3.18146  2.89801  2.37887  2.77519  2.98518  4.58477  3.61503
          0.03318  3.81818  4.54053  0.61958  0.77255  0.48576  0.95510
      8   2.72444  4.82821  2.99043  2.55517  4.25874  3.37876  3.61774  3.63416  1.51136  3.20589  4.06864  3.00444  3.84820  2.77874  2.34556  2.57783  2.88177  3.30141  5.36325  4.10603      8 k - - -
          2.68618  4.42225  2.77519  2.73123  3.46354  2.40513  3.72494  3.29354  2.67741  2.69355  4.24690  2.90347  2.73739  3.18146  2.89801  2.37887  2.77519  2.98518  4.58477  3.61503
          0.03318  3.81818  4.54053  0.61958  0.77255  0.48576  0.95510
      9   3.24875  4.64219  4.01028  3.70372  2.61539  3.67107  3.83676  3.27101  3.42748  2.67482  3.90722  3.86397  4.18455  3.81801  3.56506  3.45289  3.54665  3.15985  1.00233  2.62051      9 w - - -
          2.68618  4.42225  2.77519  2.73123  3.46354  2.40513  3.72494  3.29354  2.67741  2.69355  4.24690  2.90347  2.73739  3.18146  2.89801  2.37887  2.77519  2.98518  4.58477  3.61503
          0.03318  3.81818  4.54053  0.61958  0.77255  0.48576  0.95510
     10   2.88490  4.98869  3.06881  2.60721  4.34870  3.48080  3.58566  3.75210  1.34196  3.25709  4.14617  3.04630  3.91420  2.65647  2.15839  2.89527  3.09406  3.44189  5.36245  4.13119     10 k - - -
          2.68618  4.42225  2.77519  2.73123  3.46354  2.40513  3.72494  3.29354  2.67741  2.69355  4.24690  2.90347  2.73739  3.18146  2.89801  2.37887  2.77519  2.98518  4.58477  3.61503
          0.03318  3.81818  4.54053  0.61958  0.77255  0.48576  0.95510
     11   2.47010  4.29822  3.59368  3.08820  3.37701  3.54931  3.94895  2.44982  2.88129  1.65935  3.35112  3.43019  3.99632  3.29234  3.05721  2.79312  2.89386  2.34732  4.95430  3.70164     11 l - - -
          2.68618  4.42225  2.77519  2.73123  3.46354  2.40513  3.72494  3.29354  2.67741  2.69355  4.24690  2.90347  2.73739  3.18146  2.89801  2.37887  2.77519  2.98518  4.58477  3.61503
          0.03318  3.81818  4.54053  0.61958  0.77255  0.48576  0.95510
     12   3.17075  4.68171  3.75896  3.47914  2.29812  3.76756  3.59641  3.18772  3.33822  2.65542  3.86872  3.65806  4.24318  3.65730  3.53265  3.31249  3.45746  3.05586  3.93945  1.06110     12 y - - -
          2.68618  4.42225  2.77519  2.73123  3.46354  2.40513  3.72494  3.29354  2.67741  2.69355  4.24690  2.90347  2.73739  3.18146  2.89801  2.37887  2.77519  2.98518  4.58477  3.61503
          0.03318  3.81818  4.54053  0.61958  0.77255  0.48576  0.95510
     13   2.32983  4.42254  2.83530  2.49442  4.13113  2.03843  3.81601  3.54598  2.67927  3.18907  4.03043  2.97619  3.69583  3.02633  2.94911  2.10822  2.77188  3.13066  5.42811  4.14002     13 g - - -
          2.68618  4.42225  2.77519  2.73123  3.46354  2.40513  3.72494  3.29354  2.67741  2.69355  4.24690  2.90347  2.73739  3.18146  2.89801  2.37887  2.77519  2.98518  4.58477  3.61503
          0.03318  3.81818  4.54053  0.61958  0.77255  0.48576  0.95510
     14   2.84978  5.34110  1.40474  1.88290  4.62714  3.14346  3.69489  4.13117  2.70860  3.67105  4.53470  2.53966  3.76721  2.86970  3.28419  2.75027  3.14365  3.72653  5.83734  4.34985     14 d - - -
          2.68618  4.42225  2.77519  2.73123  3.46354  2.40513  3.72494  3.29354  2.67741  2.69355  4.24690  2.90347  2.73739  3.18146  2.89801  2.37887  2.77519  2.98518  4.58477  3.61503
          0.03318  3.81818  4.54053  0.61958  0.77255  0.48576  0.95510
     15   2.79819  5.02852  2.55260  2.08808  4.30317  3.30946  3.64170  3.75680  2.31925  3.30039  4.18750  2.84624  3.82724  1.77442  2.67116  2.77814  3.05038  3.42885  5.47315  4.13541     15 q - - -
          2.68618  4.42225  2.77519  2.73123  3.46354  2.40513  3.72494  3.29354  2.67741  2.69355  4.24690  2.90347  2.73739  3.18146  2.89801  2.37887  2.77519  2.98518  4.58477  3.61503
          0.03318  3.81818  4.54053  0.61958  0.77255  0.48576  0.95510
     16   2.52800  1.05762  4.03280  3.76091  3.76580  3.16144  4.42006  2.90162  3.58784  2.81908  3.93905  3.76240  3.86408  3.93629  3.72146  2.79935  2.99035  2.64964  5.19225  4.05357     16 c - - -
          2.68618  4.42225  2.77519  2.73123  3.46354  2.40513  3.72494  3.29354  2.67741  2.69355  4.24690  2.90347  2.73739  3.18146  2.89801  2.37887  2.77519  2.98518  4.58477  3.61503
          0.03318  3.81818  4.54053  0.61958  0.77255  0.48576  0.95510
     17   2.62503  4.57669  3.14055  2.60736  3.69621  3.44975  2.77422  3.16573  2.34452  2.37246  3.68156  3.06239  3.84930  2.78246  2.53858  2.67142  2.79061  2.90296  5.03457  3.73126     17 k - - -
          2.68618  4.42225  2.77519  2.73123  3.46354  2.40513  3.72494  3.29354  2.67741  2.69355  4.24690  2.90347  2.73739  3.18146  2.89801  2.37887  2.77519  2.98518  4.58477  3.61503
          0.03318  3.81818  4.54053  0.61958  0.77255  0.48576  0.95510
     18   2.69761  4.68210  3.03829  2.58403  3.26500  3.46769  2.45651  3.29959  2.44271  2.89012  3.79110  3.04548  3.88128  2.64779  2.79457  2.69973  2.92805  3.03169  4.73434  2.73321     18 k - - -
          2.68618  4.42225  2.77519  2.73123  3.46354  2.40513  3.72494  3.29354  2.67741  2.69355  4.24690  2.90347  2.73739  3.18146  2.89801  2.37887  2.77519  2.98518  4.58477  3.61503
          0.03318  3.81818  4.54053  0.61958  0.77255  0.48576  0.95510
     19   2.68023  4.67317  2.68170  2.56226  4.02835  3.14895  3.88028  3.72808  2.78002  3.38149  4.33791  1.25797  3.79867  3.15386  3.13204  2.75009  3.06087  3.35579  5.34068  3.98129     19 n - - -
          2.68618  4.42225  2.77519  2.73123  3.46354  2.40513  3.72494  3.29354  2.67741  2.69355  4.24690  2.90347  2.73739  3.18146  2.89801  2.37887  2.77519  2.98518  4.58477  3.61503
          0.03318  3.81818  4.54053  0.61958  0.77255  0.48576  0.95510
     20   3.10093  4.55523  4.32556  3.81390  3.04056  4.18148  4.48905  2.14960  3.57501  1.05336  2.68556  4.12054  4.48397  3.88915  3.77811  3.55172  3.35044  2.20775  5.02174  3.80564     20 l - - -
          2.68618  4.42225  2.77519  2.73123  3.46354  2.40513  3.72494  3.29354  2.67741  2.69355  4.24690  2.90347  2.73739  3.18146  2.89801  2.37887  2.77519  2.98518  4.58477  3.61503
          0.03318  3.81818  4.54053  0.61958  0.77255  0.48576  0.95510
     21   2.29020  4.20927  3.16107  2.97545  4.02277  2.94024  4.08626  3.53855  3.04550  3.26341  4.19485  3.20822  3.67480  3.39934  3.33245  1.17597  2.76647  3.08559  5.39988  4.10628     21 s - - -
          2.68618  4.42225  2.77519  2.73123  3.46354  2.40513  3.72494  3.29354  2.67741  2.69355  4.24690  2.90347  2.73739  3.18146  2.89801  2.37887  2.77519  2.98518  4.58477  3.61503
          0.03318  3.81818  4.54053  0.61958  0.77255  0.48576  0.95510
     22   3.09539  4.57439  4.10177  3.74252  3.11694  3.91216  4.41532  2.31942  3.51075  0.94513  3.15895  4.02312  4.35765  3.89212  3.69524  3.47834  3.39256  2.34243  4.97538  3.68580     22 l - - -
          2.68618  4.42225  2.77519  2.73123  3.46354  2.40513  3.72494  3.29354  2.67741  2.69355  4.24690  2.90347  2.73739  3.18146  2.89801  2.37887  2.77519  2.98518  4.58477  3.61503
          0.03318  3.81818  4.54053  0.61958  0.77255  0.48576  0.95510
     23   2.86709  4.52404  3.60011  3.18639  3.19433  3.72041  4.02759  2.55151  2.91591  1.30323  3.24531  3.55049  4.14699  3.02141  3.16407  3.12029  3.13205  2.52530  4.91871  3.60229     23 l - - -
          2.68618  4.42225  2.77519  2.73123  3.46354  2.40513  3.72494  3.29354  2.67741  2.69355  4.24690  2.90347  2.73739  3.18146  2.89801  2.37887  2.77519  2.98518  4.58477  3.61503
          0.03318  3.81818  4.54053  0.61958  0.77255  0.48576  0.95510
     24   2.68302  4.44818  3.28454  3.11664  4.11449  3.13882  4.19772  3.64693  3.16947  3.27930  4.32761  3.42827  0.93503  3.55996  3.42025  2.84907  3.12058  3.29840  5.31497  4.23479     24 p - - -
          2.68618  4.42225  2.77519  2.73123  3.46354  2.40513  3.72494  3.29354  2.67741  2.69355  4.24690  2.90347  2.73739  3.18146  2.89801  2.37887  2.77519  2.98518  4.58477  3.61503
          0.03318  3.81818  4.54053  0.61958  0.77255  0.48576  0.95510
     25   2.28781  4.24328  3.06929  2.81737  4.08137  2.98005  3.97191  3.44214  2.85766  3.16392  4.05710  3.11540  1.75568  3.22562  3.18160  2.33143  2.54824  3.01853  5.43863  4.16899     25 p - - -
          2.68618  4.42225  2.77519  2.73123  3.46354  2.40513  3.72494  3.29354  2.67741  2.69355  4.24690  2.90347  2.73739  3.18146  2.89801  2.37887  2.77519  2.98518  4.58477  3.61503
          0.03318  3.81818  4.54053  0.61958  0.77255  0.48576  0.95510
     26   2.68302  4.44818  3.28454  3.11664  4.11449  3.13882  4.19772  3.64693  3.16947  3.27930  4.32761  3.42827  0.93503  3.55996  3.42025  2.84907  3.12058  3.29840  5.31497  4.23479     26 p - - -
          2.68618  4.42225  2.77519  2.73123  3.46354  2.40513  3.72494  3.29354  2.67741  2.69355  4.24690  2.90347  2.73739  3.18146  2.89801  2.37887  2.77519  2.98518  4.58477  3.61503
          0.03318  3.81818  4.54053  0.61958  0.77255  0.48576  0.95510
     27   2.38552  4.23010  3.38184  3.13265  3.92279  3.07083  4.15386  3.04338  3.07454  2.90875  3.96370  3.34999  3.77071  3.47238  3.33516  2.58630  1.26743  2.74417  5.36545  4.13975     27 t - - -
          2.68618  4.42225  2.77519  2.73123  3.46354  2.40513  3.72494  3.29354  2.67741  2.69355  4.24690  2.90347  2.73739  3.18146  2.89801  2.37887  2.77519  2.98518  4.58477  3.61503
          0.03318  3.81818  4.54053  0.61958  0.77255  0.48576  0.95510
     28   2.79138  5.07745  2.33311  1.40190  4.40205  3.07614  3.68963  3.86128  2.52900  3.43425  4.31432  2.75626  3.79328  2.75735  2.96253  2.75278  3.07616  3.50336  5.60605  4.22174     28 e - - -
          2.68618  4.42225  2.77519  2.73123  3.46354  2.40513  3.72494  3.29354  2.67741  2.69355  4.24690  2.90347  2.73739  3.18146  2.89801  2.37887  2.77519  2.98518  4.58477  3.61503
          0.03318  3.81818  4.54053  0.61958  0.77255  0.48576  0.95510
     29   3.09539  4.57439  4.10177  3.74252  3.11694  3.91216  4.41532  2.31942  3.51075  0.94513  3.15895  4.02312  4.35765  3.89212  3.69524  3.47834  3.39256  2.34243  4.97538  3.68580     29 l - - -
          2.68618  4.42225  2.77519  2.73123  3.46354  2.40513  3.72494  3.29354  2.67741  2.69355  4.24690  2.90347  2.73739  3.18146  2.89801  2.37887  2.77519  2.98518  4.58477  3.61503
          0.03318  3.81818  4.54053  0.61958  0.77255  0.48576  0.95510
     30   2.76551  4.32431  4.04919  3.71175  3.51164  3.66652  4.52322  2.05696  3.57865  2.20893  3.48619  3.90996  4.23085  3.94287  3.79617  3.16752  3.12889  1.09643  5.28651  4.01425     30 v - - -
          2.68618  4.42225  2.77519  2.73123  3.46354  2.40513  3.72494  3.29354  2.67741  2.69355  4.24690  2.90347  2.73739  3.18146  2.89801  2.37887  2.77519  2.98518  4.58477  3.61503
          0.03318  3.81818  4.54053  0.61958  0.77255  0.48576  0.95510
     31   2.52800  1.05762  4.03280  3.76091  3.76580  3.16144  4.42006  2.90162  3.58784  2.81908  3.93905  3.76240  3.86408  3.93629  3.72146  2.79935  2.99035  2.64964  5.19225  4.05357     31 c - - -
          2.68618  4.42225  2.77519  2.73123  3.46354  2.40513  3.72494  3.29354  2.67741  2.69355  4.24690  2.90347  2.73739  3.18146  2.89801  2.37887  2.77519  2.98518  4.58477  3.61503
          0.03318  3.81818  4.54053  0.61958  0.77255  0.48576  0.95510
     32   2.68023  4.67317  2.68170  2.56226  4.02835  3.14895  3.88028  3.72808  2.78002  3.38149  4.33791  1.25797  3.79867  3.15386  3.13204  2.75009  3.06087  3.35579  5.34068  3.98129     32 n - - -
          2.68618  4.42225  2.77519  2.73123  3.46354  2.40513  3.72494  3.29354  2.67741  2.69355  4.24690  2.90347  2.73739  3.18146  2.89801  2.37887  2.77519  2.98518  4.58477  3.61503
          0.03318  3.81818  4.54053  0.61958  0.77255  0.48576  0.95510
     33   2.94615  4.78695  3.43146  2.95537  4.12780  3.44313  3.78830  3.66666  2.22041  3.19257  4.19522  3.31872  3.94932  3.01226  1.06476  3.03357  3.21644  3.39322  5.23350  4.06802     33 r - - -
          2.68618  4.42225  2.77519  2.73123  3.46354  2.40513  3.72494  3.29354  2.67741  2.69355  4.24690  2.90347  2.73739  3.18146  2.89801  2.37887  2.77519  2.98518  4.58477  3.61503
          0.03318  3.81818  4.54053  0.61958  0.77255  0.48576  0.95510
     34   2.38552  4.23010  3.38184  3.13265  3.92279  3.07083  4.15386  3.04338  3.07454  2.90875  3.96370  3.34999  3.77071  3.47238  3.33516  2.58630  1.26743  2.74417  5.36545  4.13975     34 t - - -
          2.68618  4.42225  2.77519  2.73123  3.46354  2.40513  3.72494  3.29354  2.67741  2.69355  4.24690  2.90347  2.73739  3.18146  2.89801  2.37887  2.77519  2.98518  4.58477  3.61503
          0.03318  3.81818  4.54053  0.61958  0.77255  0.48576  0.95510
     35   3.19087  4.60903  4.16391  3.86902  1.10499  3.89148  3.85592  2.72231  3.77763  2.10546  3.46124  3.95865  4.35206  3.96090  3.91075  3.46299  3.49238  2.70882  4.12288  2.49744     35 f - - -
          2.68618  4.42225  2.77519  2.73123  3.46354  2.40513  3.72494  3.29354  2.67741  2.69355  4.24690  2.90347  2.73739  3.18146  2.89801  2.37887  2.77519  2.98518  4.58477  3.61503
          0.03318  3.81818  4.54053  0.61958  0.77255  0.48576  0.95510
     36   2.93308  5.04987  0.99917  2.30493  4.42008  3.17114  3.88608  3.99629  2.96041  3.61484  4.59284  2.85809  3.82024  3.12595  3.46833  2.90237  3.27090  3.64165  5.59916  4.30337     36 d - - -
          2.68618  4.42225  2.77519  2.73123  3.46354  2.40513  3.72494  3.29354  2.67741  2.69355  4.24690  2.90347  2.73739  3.18146  2.89801  2.37887  2.77519  2.98518  4.58477  3.61503
          0.03318  3.81818  4.54053  0.61958  0.77255  0.48576  0.95510
     37   2.83785  4.90681  2.96195  2.59795  4.27769  3.39615  3.64971  3.71450  1.29834  3.28699  4.19041  2.92951  3.88957  2.82522  2.36114  2.86512  3.09026  3.39367  5.36624  4.10649     37 k - - -
          2.68618  4.42225  2.77519  2.73123  3.46354  2.40513  3.72494  3.29354  2.67741  2.69355  4.24690  2.90347  2.73739  3.18146  2.89801  2.37887  2.77519  2.98518  4.58477  3.61503
          0.03318  3.81818  4.54053  0.61958  0.77255  0.48576  0.95510
     38   3.23918  4.66961  4.07754  3.69768  1.89515  4.02272  3.45916  3.05214  3.56927  2.47615  3.70278  3.75334  4.38913  3.73940  3.74487  3.39123  3.48289  2.95319  3.70228  1.19931     38 y - - -
          2.68618  4.42225  2.77519  2.73123  3.46354  2.40513  3.72494  3.29354  2.67741  2.69355  4.24690  2.90347  2.73739  3.18146  2.89801  2.37887  2.77519  2.98518  4.58477  3.61503
          0.03318  3.81818  4.54053  0.61958  0.77255  0.48576  0.95510
     39   1.91825  4.12014  3.21366  2.97607  4.12885  2.88512  4.08626  3.47520  3.04050  3.23607  4.11455  3.17838  3.62465  3.36382  3.34592  1.40127  2.66010  2.99919  5.50142  4.25123     39 s - - -
          2.68618  4.42225  2.77519  2.73123  3.46354  2.40513  3.72494  3.29354  2.67741  2.69355  4.24690  2.90347  2.73739  3.18146  2.89801  2.37887  2.77519  2.98518  4.58477  3.61503
          0.03318  3.81818  4.54053  0.61958  0.77255  0.48576  0.95510
     40   2.52800  1.05762  4.03280  3.76091  3.76580  3.16144  4.42006  2.90162  3.58784  2.81908  3.93905  3.76240  3.86408  3.93629  3.72146  2.79935  2.99035  2.64964  5.19225  4.05357     40 c - - -
          2.68618  4.42225  2.77519  2.73123  3.46354  2.40513  3.72494  3.29354  2.67741  2.69355  4.24690  2.90347  2.73739  3.18146  2.89801  2.37887  2.77519  2.98518  4.58477  3.61503
          0.03318  3.81818  4.54053  0.61958  0.77255  0.48576  0.95510
     41   2.86286  3.84058  3.97046  3.52259  2.66300  3.61187  3.80247  2.90570  3.25808  2.45501  3.59335  3.68777  4.10260  3.61597  3.44614  3.10887  3.16505  2.75572  1.46855  2.71164     41 w - - -
          2.68618  4.42225  2.77519  2.73123  3.46354  2.40513  3.72494  3.29354  2.67741  2.69355  4.24690  2.90347  2.73739  3.18146  2.89801  2.37887  2.77519  2.98518  4.58477  3.61503
          0.03318  3.81818  4.54053  0.61958  0.77255  0.48576  0.95510
     42   2.68302  4.44818  3.28454  3.11664  4.11449  3.13882  4.19772  3.64693  3.16947  3.27930  4.32761  3.42827  0.93503  3.55996  3.42025  2.84907  3.12058  3.29840  5.31497  4.23479     42 p - - -
          2.68618  4.42225  2.77519  2.73123  3.46354  2.40513  3.72494  3.29354  2.67741  2.69355  4.24690  2.90347  2.73739  3.18146  2.89801  2.37887  2.77519  2.98518  4.58477  3.61503
          0.03318  3.81818  4.54053  0.61958  0.77255  0.48576  0.95510
     43   2.66667  5.02929  1.24935  2.19771  4.41348  3.13400  3.79369  3.85922  2.82664  3.52153  4.45753  2.74941  3.77931  3.00008  3.35726  2.75613  3.12316  3.49581  5.68705  4.27379     43 d - - -
          2.68618  4.42225  2.77519  2.73123  3.46354  2.40513  3.72494  3.29354  2.67741  2.69355  4.24690  2.90347  2.73739  3.18146  2.89801  2.37887  2.77519  2.98518  4.58477  3.61503
          0.03318  3.81818  4.54053  0.61958  0.77255  0.48576  0.95510
     44   2.22224  4.17213  3.28588  2.99817  3.98776  3.00128  4.06011  3.15641  2.96654  2.98762  3.94260  3.23041  3.44376  3.33970  3.25999  2.45961  1.47838  2.80040  5.40387  4.16885     44 t - - -
          2.68618  4.42225  2.77519  2.73123  3.46354  2.40513  3.72494  3.29354  2.67741  2.69355  4.24690  2.90347  2.73739  3.18146  2.89801  2.37887  2.77519  2.98518  4.58477  3.61503
          0.03318  3.81818  4.54053  0.61958  0.77255  0.48576  0.95510
     45   2.57521  4.40600  3.30062  2.92448  3.58974  3.32180  3.93136  2.91400  2.81537  2.12523  3.66532  3.28478  1.93124  3.23259  3.12255  2.75381  2.91682  2.71232  5.09936  3.79595     45 p - - -
          2.68618  4.42225  2.77519  2.73123  3.46354  2.40513  3.72494  3.29354  2.67741  2.69355  4.24690  2.90347  2.73739  3.18146  2.89801  2.37887  2.77519  2.98518  4.58477  3.61503
          0.03318  3.81818  4.54053  0.61958  0.77255  0.48576  0.95510
     46   2.28195  4.29004  3.23865  2.87151  3.80932  3.14792  3.93422  3.03335  2.80600  2.65808  3.78678  3.19493  1.94396  3.19660  3.13074  2.55864  2.77502  2.65838  5.26219  3.98096     46 p - - -
          2.68618  4.42225  2.77519  2.73123  3.46354  2.40513  3.72494  3.29354  2.67741  2.69355  4.24690  2.90347  2.73739  3.18146  2.89801  2.37887  2.77519  2.98518  4.58477  3.61503
          0.03318  3.81818  4.54053  0.61958  0.77255  0.48576  0.95510
     47   2.68023  4.67317  2.68170  2.56226  4.02835  3.14895  3.88028  3.72808  2.78002  3.38149  4.33791  1.25797  3.79867  3.15386  3.13204  2.75009  3.06087  3.35579  5.34068  3.98129     47 n - - -
          2.68618  4.42225  2.77519  2.73123  3.46354  2.40513  3.72494  3.29354  2.67741  2.69355  4.24690  2.90347  2.73739  3.18146  2.89801  2.37887  2.77519  2.98518  4.58477  3.61503
          0.03318  3.81818  4.54053  0.61958  0.77255  0.48576  0.95510
     48   2.38552  4.23010  3.38184  3.13265  3.92279  3.07083  4.15386  3.04338  3.07454  2.90875  3.96370  3.34999  3.77071  3.47238  3.33516  2.58630  1.26743  2.74417  5.36545  4.13975     48 t - - -
          2.68618  4.42225  2.77519  2.73123  3.46354  2.40513  3.72494  3.29354  2.67741  2.69355  4.24690  2.90347  2.73739  3.18146  2.89801  2.37887  2.77519  2.98518  4.58477  3.61503
          0.03318  3.81818  4.54053  0.61958  0.77255  0.48576  0.95510
     49   2.38552  4.23010  3.38184  3.13265  3.92279  3.07083  4.15386  3.04338  3.07454  2.90875  3.96370  3.34999  3.77071  3.47238  3.33516  2.58630  1.26743  2.74417  5.36545  4.13975     49 t - - -
          2.68618  4.42225  2.77519  2.73123  3.46354  2.40513  3.72494  3.29354  2.67741  2.69355  4.24690  2.90347  2.73739  3.18146  2.89801  2.37887  2.77519  2.98518  4.58477  3.61503
          0.03318  3.81818  4.54053  0.61958  0.77255  0.48576  0.95510
     50   1.35518  4.12706  3.55041  3.22870  3.85066  3.06023  4.19738  2.78200  3.17236  2.75396  3.81049  3.38457  3.76258  3.51344  3.44475  2.51341  2.73953  2.30308  5.38310  4.14276     50 a - - -
          2.68618  4.42225  2.77519  2.73123  3.46354  2.40513  3.72494  3.29354  2.67741  2.69355  4.24690  2.90347  2.73739  3.18146  2.89801  2.37887  2.77519  2.98518  4.58477  3.61503
          0.03318  3.81818  4.54053  0.61958  0.77255  0.48576  0.95510
     51   2.50744  4.58497  2.61523  2.46038  4.14364  3.07757  3.81085  3.71573  2.68818  3.35966  4.23313  1.63804  3.72802  3.03577  3.07486  2.32600  2.89271  3.29102  5.46282  4.08040     51 n - - -
          2.68618  4.42225  2.77519  2.73123  3.46354  2.40513  3.72494  3.29354  2.67741  2.69355  4.24690  2.90347  2.73739  3.18146  2.89801  2.37887  2.77519  2.98518  4.58477  3.61503
          0.03318  3.81818  4.54053  0.61958  0.77255  0.48576  0.95510
     52   2.94364  4.33965  4.40219  3.86501  3.36681  4.17814  4.61638  1.39820  3.73837  1.86572  3.07023  4.14954  4.49715  4.01763  3.97280  3.51965  3.07737  1.57185  5.25585  4.07271     52 i - - -
          2.68618  4.42225  2.77519  2.73123  3.46354  2.40513  3.72494  3.29354  2.67741  2.69355  4.24690  2.90347  2.73739  3.18146  2.89801  2.37887  2.77519  2.98518  4.58477  3.61503
          0.03318  3.81818  4.54053  0.61958  0.77255  0.48576  0.95510
     53   2.13935  4.16497  3.12524  2.89260  4.13984  2.90391  4.03763  3.54751  2.97003  3.25837  4.12549  3.13723  3.34707  3.30313  3.28824  1.35633  2.67939  3.06184  5.49401  4.23347     53 s - - -
          2.68618  4.42225  2.77519  2.73123  3.46354  2.40513  3.72494  3.29354  2.67741  2.69355  4.24690  2.90347  2.73739  3.18146  2.89801  2.37887  2.77519  2.98518  4.58477  3.61503
          0.03318  3.81818  4.54053  0.61958  0.77255  0.48576  0.95510
     54   2.52800  1.05762  4.03280  3.76091  3.76580  3.16144  4.42006  2.90162  3.58784  2.81908  3.93905  3.76240  3.86408  3.93629  3.72146  2.79935  2.99035  2.64964  5.19225  4.05357     54 c - - -
          2.68618  4.42225  2.77519  2.73123  3.46354  2.40513  3.72494  3.29354  2.67741  2.69355  4.24690  2.90347  2.73739  3.18146  2.89801  2.37887  2.77519  2.98518  4.58477  3.61503
          0.03318  3.81818  4.54053  0.61958  0.77255  0.48576  0.95510
     55   2.68302  4.44818  3.28454  3.11664  4.11449  3.13882  4.19772  3.64693  3.16947  3.27930  4.32761  3.42827  0.93503  3.55996  3.42025  2.84907  3.12058  3.29840  5.31497  4.23479     55 p - - -
          2.68618  4.42225  2.77519  2.73123  3.46354  2.40513  3.72494  3.29354  2.67741  2.69355  4.24690  2.90347  2.73739  3.18146  2.89801  2.37887  2.77519  2.98518  4.58477  3.61503
          0.03318  3.81818  4.54053  0.61958  0.77255  0.48576  0.95510
     56   3.24875  4.64219  4.01028  3.70372  2.61539  3.67107  3.83676  3.27101  3.42748  2.67482  3.90722  3.86397  4.18455  3.81801  3.56506  3.45289  3.54665  3.15985  1.00233  2.62051     56 w - - -
          2.68618  4.42225  2.77519  2.73123  3.46354  2.40513  3.72494  3.29354  2.67741  2.69355  4.24690  2.90347  2.73739  3.18146  2.89801  2.37887  2.77519  2.98518  4.58477  3.61503
          0.03318  3.81818  4.54053  0.61958  0.77255  0.48576  0.95510
     57   3.23918  4.66961  4.07754  3.69768  1.89515  4.02272  3.45916  3.05214  3.56927  2.47615  3.70278  3.75334  4.38913  3.73940  3.74487  3.39123  3.48289  2.95319  3.70228  1.19931     57 y - - -
          2.68618  4.42225  2.77519  2.73123  3.46354  2.40513  3.72494  3.29354  2.67741  2.69355  4.24690  2.90347  2.73739  3.18146  2.89801  2.37887  2.77519  2.98518  4.58477  3.61503
          0.03318  3.81818  4.54053  0.61958  0.77255  0.48576  0.95510
     58   3.09539  4.57439  4.10177  3.74252  3.11694  3.91216  4.41532  2.31942  3.51075  0.94513  3.15895  4.02312  4.35765  3.89212  3.69524  3.47834  3.39256  2.34243  4.97538  3.68580     58 l - - -
          2.68618  4.42225  2.77519  2.73123  3.46354  2.40513  3.72494  3.29354  2.67741  2.69355  4.24690  2.90347  2.73739  3.18146  2.89801  2.37887  2.77519  2.98518  4.58477  3.61503
          0.03318  3.81818  4.54053  0.61958  0.77255  0.48576  0.95510
     59   2.68302  4.44818  3.28454  3.11664  4.11449  3.13882  4.19772  3.64693  3.16947  3.27930  4.32761  3.42827  0.93503  3.55996  3.42025  2.84907  3.12058  3.29840  5.31497  4.23479     59 p - - -
          2.68618  4.42225  2.77519  2.73123  3.46354  2.40513  3.72494  3.29354  2.67741  2.69355  4.24690  2.90347  2.73739  3.18146  2.89801  2.37887  2.77519  2.98518  4.58477  3.61503
          0.03318  3.81818  4.54053  0.61958  0.77255  0.48576  0.95510
     60   3.24875  4.64219  4.01028  3.70372  2.61539  3.67107  3.83676  3.27101  3.42748  2.67482  3.90722  3.86397  4.18455  3.81801  3.56506  3.45289  3.54665  3.15985  1.00233  2.62051     60 w - - -
          2.68618  4.42225  2.77519  2.73123  3.46354  2.40513  3.72494  3.29354  2.67741  2.69355  4.24690  2.90347  2.73739  3.18146  2.89801  2.37887  2.77519  2.98518  4.58477  3.61503
          0.03318  3.81818  4.54053  0.61958  0.77255  0.48576  0.95510
     61   2.76327  4.19810  3.40518  2.90385  2.68545  3.59923  2.27871  3.11279  2.74970  2.69854  3.67517  3.26973  3.99945  3.13076  3.06976  2.89089  3.00357  2.88956  4.26601  2.17489     61 y - - -
          2.68618  4.42225  2.77519  2.73123  3.46354  2.40513  3.72494  3.29354  2.67741  2.69355  4.24690  2.90347  2.73739  3.18146  2.89801  2.37887  2.77519  2.98518  4.58477  3.61503
          0.03318  3.81818  4.54053  0.61958  0.77255  0.48576  0.95510
     62   2.72682  4.76259  2.96852  2.57026  3.76906  3.39235  1.98213  3.51174  2.27827  3.07781  3.97098  3.02531  3.63292  2.85491  2.41198  2.77859  2.97883  3.21043  5.08746  3.69837     62 h - - -
          2.68618  4.42225  2.77519  2.73123  3.46354  2.40513  3.72494  3.29354  2.67741  2.69355  4.24690  2.90347  2.73739  3.18146  2.89801  2.37887  2.77519  2.98518  4.58477  3.61503
          0.03318  3.81818  4.54053  0.61958  0.77255  0.48576  0.95510
     63   2.78134  4.82881  3.02276  2.62856  4.24493  3.38850  3.66671  3.56123  1.35850  3.18210  4.10900  3.06068  3.88264  2.83976  2.38996  2.83003  2.87489  3.26015  5.37112  4.12399     63 k - - -
          2.68618  4.42225  2.77519  2.73123  3.46354  2.40513  3.72494  3.29354  2.67741  2.69355  4.24690  2.90347  2.73739  3.18146  2.89801  2.37887  2.77519  2.98518  4.58477  3.61503
          0.03318  3.81818  4.54053  0.61958  0.77255  0.48576  0.95510
     64   2.76551  4.32431  4.04919  3.71175  3.51164  3.66652  4.52322  2.05696  3.57865  2.20893  3.48619  3.90996  4.23085  3.94287  3.79617  3.16752  3.12889  1.09643  5.28651  4.01425     64 v - - -
          2.68618  4.42225  2.77519  2.73123  3.46354  2.40513  3.72494  3.29354  2.67741  2.69355  4.24690  2.90347  2.73739  3.18146  2.89801  2.37887  2.77519  2.98518  4.58477  3.61503
          0.03318  3.81818  4.54053  0.61958  0.77255  0.48576  0.95510
     65   2.81252  4.94363  2.78817  2.47528  4.21704  3.37376  3.63639  3.68656  2.06974  3.22179  4.13051  2.95655  3.86507  1.68427  2.47951  2.82230  3.05819  3.37745  5.37350  4.07327     65 q - - -
          2.68618  4.42225  2.77519  2.73123  3.46354  2.40513  3.72494  3.29354  2.67741  2.69355  4.24690  2.90347  2.73739  3.18146  2.89801  2.37887  2.77519  2.98518  4.58477  3.61503
          0.03318  3.81818  4.54053  0.61958  0.77255  0.48576  0.95510
     66   2.93886  4.76415  3.07592  2.83145  3.24913  3.40373  1.26239  3.63324  2.67611  3.13363  4.17319  3.24255  3.95383  3.19728  2.94455  3.01036  3.24083  3.36951  4.71473  3.20174     66 h - - -
          2.68618  4.42225  2.77519  2.73123  3.46354  2.40513  3.72494  3.29354  2.67741  2.69355  4.24690  2.90347  2.73739  3.18146  2.89801  2.37887  2.77519  2.98518  4.58477  3.61503
          0.03318  3.81818  4.54053  0.61958  0.77255  0.48576  0.95510
     67   2.87478  4.88906  3.25094  2.71693  4.01728  3.50642  3.16332  3.66416  2.01523  3.17194  4.07791  3.12610  3.93115  2.78837  1.43757  2.91362  3.08925  3.36916  5.17528  3.87603     67 r - - -
          2.68618  4.42225  2.77519  2.73123  3.46354  2.40513  3.72494  3.29354  2.67741  2.69355  4.24690  2.90347  2.73739  3.18146  2.89801  2.37887  2.77519  2.98518  4.58477  3.61503
          0.03318  3.81818  4.54053  0.61958  0.77255  0.48576  0.95510
     68   2.87418  4.37354  3.95887  3.44252  2.10467  3.85220  3.48022  2.69157  3.31727  1.67854  3.31150  3.64810  4.19622  3.54431  3.53963  3.14840  3.10239  2.58707  4.09115  2.30277     68 l - - -
          2.68618  4.42225  2.77519  2.73123  3.46354  2.40513  3.72494  3.29354  2.67741  2.69355  4.24690  2.90347  2.73739  3.18146  2.89801  2.37887  2.77519  2.98518  4.58477  3.61503
          0.03318  3.81818  4.54053  0.61958  0.77255  0.48576  0.95510
     69   2.76551  4.32431  4.04919  3.71175  3.51164  3.66652  4.52322  2.05696  3.57865  2.20893  3.48619  3.90996  4.23085  3.94287  3.79617  3.16752  3.12889  1.09643  5.28651  4.01425     69 v - - -
          2.68618  4.42225  2.77519  2.73123  3.46354  2.40513  3.72494  3.29354  2.67741  2.69355  4.24690  2.90347  2.73739  3.18146  2.89801  2.37887  2.77519  2.98518  4.58477  3.61503
          0.03318  3.81818  4.54053  0.61958  0.77255  0.48576  0.95510
     70   3.22453  4.62246  4.20192  3.82447  1.24843  4.06577  3.58404  2.82330  3.69774  2.18958  3.48361  3.86253  4.42280  3.83896  3.84399  3.44754  3.47166  2.78708  3.81644  2.02157     70 f - - -
          2.68618  4.42225  2.77519  2.73123  3.46354  2.40513  3.72494  3.29354  2.67741  2.69355  4.24690  2.90347  2.73739  3.18146  2.89801  2.37887  2.77519  2.98518  4.58477  3.61503
          0.03318  3.81818  4.54053  0.61958  0.77255  0.48576  0.95510
     71   2.92407  4.88344  3.09633  2.72940  4.25743  3.41820  3.73199  3.68355  1.11521  3.26109  4.22651  3.15588  3.92326  2.92734  2.42538  2.97025  3.18194  3.39478  5.33528  4.14062     71 k - - -
          2.68618  4.42225  2.77519  2.73123  3.46354  2.40513  3.72494  3.29354  2.67741  2.69355  4.24690  2.90347  2.73739  3.18146  2.89801  2.37887  2.77519  2.98518  4.58477  3.61503
          0.03318  3.81818  4.54053  0.61958  0.77255  0.48576  0.95510
     72   2.86193  4.99739  3.18505  2.55633  4.38291  3.52266  3.54780  3.74088  1.67559  3.24103  4.09670  3.04897  3.90841  2.63856  1.72337  2.86861  2.95298  3.42442  5.35103  4.13764     72 k - - -
          2.68618  4.42225  2.77519  2.73123  3.46354  2.40513  3.72494  3.29354  2.67741  2.69355  4.24690  2.90347  2.73739  3.18146  2.89801  2.37887  2.77519  2.98518  4.58477  3.61503
          0.03318  3.81818  4.54053  0.61958  0.77255  0.48576  0.95510
     73   2.52800  1.05762  4.03280  3.76091  3.76580  3.16144  4.42006  2.90162  3.58784  2.81908  3.93905  3.76240  3.86408  3.93629  3.72146  2.79935  2.99035  2.64964  5.19225  4.05357     73 c - - -
          2.68618  4.42225  2.77519  2.73123  3.46354  2.40513  3.72494  3.29354  2.67741  2.69355  4.24690  2.90347  2.73739  3.18146  2.89801  2.37887  2.77519  2.98518  4.58477  3.61503
          0.03318  3.81818  4.54053  0.61958  0.77255  0.48576  0.95510
     74   2.54476  4.47770  2.82955  2.53107  4.24876  1.23154  3.99734  3.71051  2.92659  3.38802  4.30289  3.09915  3.74788  3.26607  3.26589  2.66167  2.96463  3.29147  5.46941  4.27605     74 g - - -
          2.68618  4.42225  2.77519  2.73123  3.46354  2.40513  3.72494  3.29354  2.67741  2.69355  4.24690  2.90347  2.73739  3.18146  2.89801  2.37887  2.77519  2.98518  4.58477  3.61503
          0.03318  3.81818  4.54053  0.61958  0.77255  0.48576  0.95510
     75   2.68302  4.44818  3.28454  3.11664  4.11449  3.13882  4.19772  3.64693  3.16947  3.27930  4.32761  3.42827  0.93503  3.55996  3.42025  2.84907  3.12058  3.29840  5.31497  4.23479     75 p - - -
          2.68618  4.42225  2.77519  2.73123  3.46354  2.40513  3.72494  3.29354  2.67741  2.69355  4.24690  2.90347  2.73739  3.18146  2.89801  2.37887  2.77519  2.98518  4.58477  3.61503
          0.03318  3.81818  4.54053  0.61958  0.77255  0.48576  0.95510
     76   2.81339  5.15226  1.27864  2.12430  4.47095  3.12828  3.74965  4.04182  2.78511  3.63221  4.52557  2.53408  3.77116  2.94830  3.33611  2.75261  3.13784  3.64202  5.72804  4.26889     76 d - - -
          2.68618  4.42225  2.77519  2.73123  3.46354  2.40513  3.72494  3.29354  2.67741  2.69355  4.24690  2.90347  2.73739  3.18146  2.89801  2.37887  2.77519  2.98518  4.58477  3.61503
          0.03318  3.81818  4.54053  0.61958  0.77255  0.48576  0.95510
     77   2.60046  4.38000  3.26299  3.15614  4.29706  0.81803  4.27872  3.88442  3.32990  3.54516  4.52134  3.42757  3.76939  3.65855  3.57089  2.77102  3.07752  3.42332  5.40551  4.39750     77 g - - -
          2.68618  4.42225  2.77519  2.73123  3.46354  2.40513  3.72494  3.29354  2.67741  2.69355  4.24690  2.90347  2.73739  3.18146  2.89801  2.37887  2.77519  2.98518  4.58477  3.61503
          0.03318  3.81818  4.54053  0.61958  0.77255  0.48576  0.95510
     78   2.80166  5.01448  2.61342  2.22299  4.30580  3.33519  3.62619  3.73910  2.21591  3.28516  4.16357  2.86840  3.83744  1.75335  2.58269  2.78715  3.04537  3.41325  5.45254  4.13175     78 q - - -
          2.68618  4.42225  2.77519  2.73123  3.46354  2.40513  3.72494  3.29354  2.67741  2.69355  4.24690  2.90347  2.73739  3.18146  2.89801  2.37887  2.77519  2.98518  4.58477  3.61503
          0.03318  3.81818  4.54053  0.61958  0.77255  0.48576  0.95510
     79   3.24875  4.64219  4.01028  3.70372  2.61539  3.67107  3.83676  3.27101  3.42748  2.67482  3.90722  3.86397  4.18455  3.81801  3.56506  3.45289  3.54665  3.15985  1.00233  2.62051     79 w - - -
          2.68618  4.42225  2.77519  2.73123  3.46354  2.40513  3.72494  3.29354  2.67741  2.69355  4.24690  2.90347  2.73739  3.18146  2.89801  2.37887  2.77519  2.98518  4.58477  3.61503
          0.03318  3.81818  4.54053  0.61958  0.77255  0.48576  0.95510
     80   2.45283  4.24487  3.94943  3.58249  3.59967  3.55276  4.45161  2.06987  3.47164  2.29481  3.50788  3.77605  4.13786  3.82217  3.71512  2.99305  2.99798  1.23661  5.34539  4.09649     80 v - - -
          2.68618  4.42225  2.77519  2.73123  3.46354  2.40513  3.72494  3.29354  2.67741  2.69355  4.24690  2.90347  2.73739  3.18146  2.89801  2.37887  2.77519  2.98518  4.58477  3.61503
          0.03318  3.81818  4.54053  0.61958  0.77255  0.48576  0.95510
     81   2.84618  4.91350  3.22396  2.66810  4.31184  3.49641  3.58321  3.68696  1.83166  3.20949  4.08568  3.08794  3.67519  2.73793  1.52717  2.87653  3.05594  3.37650  5.32593  4.11722     81 r - - -
          2.68618  4.42225  2.77519  2.73123  3.46354  2.40513  3.72494  3.29354  2.67741  2.69355  4.24690  2.90347  2.73739  3.18146  2.89801  2.37887  2.77519  2.98518  4.58477  3.61503
          0.03318  3.81818  4.54053  0.61958  0.77255  0.48576  0.95510
     82   2.48806  4.42072  3.02351  2.78360  4.14745  1.38663  3.93962  3.64560  2.75174  3.28424  4.18015  3.14225  3.74310  3.19503  2.64677  2.61712  2.89459  3.22973  5.38579  4.17353     82 g - - -
          2.68618  4.42225  2.77519  2.73123  3.46354  2.40513  3.72494  3.29354  2.67741  2.69355  4.24690  2.90347  2.73739  3.18146  2.89801  2.37887  2.77519  2.98518  4.58477  3.61503
          0.03318  3.81818  4.54053  0.61958  0.77255  0.48576  0.95510
     83   2.25378  4.29810  3.11470  2.90443  4.05332  3.02727  4.04881  3.40990  2.95658  3.12131  4.10060  3.20132  1.45485  3.33228  3.25777  2.54909  2.83286  3.03457  5.40915  4.17482     83 p - - -
          2.68618  4.42225  2.77519  2.73123  3.46354  2.40513  3.72494  3.29354  2.67741  2.69355  4.24690  2.90347  2.73739  3.18146  2.89801  2.37887  2.77519  2.98518  4.58477  3.61503
          0.03318  3.81818  4.54053  0.61958  0.77255  0.48576  0.95510
     84   2.74628  4.89442  3.02700  2.52296  4.25344  3.32054  3.57225  3.64767  2.03335  3.18620  4.02994  2.98894  3.85288  2.37728  1.85048  2.60078  2.96549  3.32090  5.33549  4.07705     84 r - - -
          2.68618  4.42225  2.77519  2.73123  3.46354  2.40513  3.72494  3.29354  2.67741  2.69355  4.24690  2.90347  2.73739  3.18146  2.89801  2.37887  2.77519  2.98518  4.58477  3.61503
          0.03318  3.81818  4.54053  0.61958  0.77255  0.48576  0.95510
     85   2.60046  4.38000  3.26299  3.15614  4.29706  0.81803  4.27872  3.88442  3.32990  3.54516  4.52134  3.42757  3.76939  3.65855  3.57089  2.77102  3.07752  3.42332  5.40551  4.39750     85 g - - -
          2.68618  4.42225  2.77519  2.73123  3.46354  2.40513  3.72494  3.29354  2.67741  2.69355  4.24690  2.90347  2.73739  3.18146  2.89801  2.37887  2.77519  2.98518  4.58477  3.61503
          0.03318  3.81818  4.54053  0.61958  0.77255  0.48576  0.95510
     86   2.83997  4.82190  2.86948  2.62463  3.98289  3.33142  3.78203  3.60645  2.44952  3.11409  4.14473  3.08341  3.88489  1.33391  2.73425  2.89060  3.13757  3.33989  5.26519  3.95570     86 q - - -
          2.68618  4.42225  2.77519  2.73123  3.46354  2.40513  3.72494  3.29354  2.67741  2.69355  4.24690  2.90347  2.73739  3.18146  2.89801  2.37887  2.77519  2.98518  4.58477  3.61503
          0.03318  3.81818  4.54053  0.61958  0.77255  0.48576  0.95510
     87   2.33447  4.41379  2.87994  2.60956  4.06984  3.08499  3.82757  3.49040  2.66752  3.14273  4.01210  3.00813  1.97325  2.88255  3.02687  2.35613  2.78808  3.09678  5.38954  4.09558     87 p - - -
          2.68618  4.42225  2.77519  2.73123  3.46354  2.40513  3.72494  3.29354  2.67741  2.69355  4.24690  2.90347  2.73739  3.18146  2.89801  2.37887  2.77519  2.98518  4.58477  3.61503
          0.03318  3.81818  4.54053  0.61958  0.77255  0.48576  0.95510
     88   2.90925  4.49561  3.80928  3.32865  2.56318  3.71690  3.65976  2.94109  2.95378  2.34460  3.56243  3.55944  4.13782  3.41277  3.01101  3.11367  3.16567  2.80371  1.76629  2.58721     88 w - - -
          2.68618  4.42225  2.77519  2.73123  3.46354  2.40513  3.72494  3.29354  2.67741  2.69355  4.24690  2.90347  2.73739  3.18146  2.89801  2.37887  2.77519  2.98518  4.58477  3.61503
          0.03318  3.81818  4.54053  0.61958  0.77255  0.48576  0.95510
     89   2.94615  4.78695  3.43146  2.95537  4.12780  3.44313  3.78830  3.66666  2.22041  3.19257  4.19522  3.31872  3.94932  3.01226  1.06476  3.03357  3.21644  3.39322  5.23350  4.06802     89 r - - -
          2.68618  4.42225  2.77519  2.73123  3.46354  2.40513  3.72494  3.29354  2.67741  2.69355  4.24690  2.90347  2.73739  3.18146  2.89801  2.37887  2.77519  2.98518  4.58477  3.61503
          0.03318  3.81818  4.54053  0.61958  0.77255  0.48576  0.95510
     90   2.76010  5.11059  1.88757  2.13557  4.43987  3.14983  3.70613  3.98451  2.67780  3.55215  4.41261  1.74038  3.76107  2.88868  3.20544  2.70860  3.06746  3.58386  5.68254  4.23441     90 n - - -
          2.68618  4.42225  2.77519  2.73123  3.46354  2.40513  3.72494  3.29354  2.67741  2.69355  4.24690  2.90347  2.73739  3.18146  2.89801  2.37887  2.77519  2.98518  4.58477  3.61503
          0.03318  3.81818  4.54053  0.61958  0.77255  0.48576  0.95510
     91   1.26442  4.09030  3.31432  3.07766  4.07051  2.89652  4.13871  3.30467  3.11192  3.14808  4.06148  3.23838  3.64119  3.43811  3.39370  2.18018  2.66353  2.87645  5.47749  4.23851     91 a - - -
          2.68618  4.42225  2.77519  2.73123  3.46354  2.40513  3.72494  3.29354  2.67741  2.69355  4.24690  2.90347  2.73739  3.18146  2.89801  2.37887  2.77519  2.98518  4.58477  3.61503
          0.03318  3.81818  4.54053  0.61958  0.77255  0.48576  0.95510
     92   2.20908  4.14944  3.18889  2.94890  4.10226  2.90907  4.06028  3.46266  2.98827  3.21698  4.10590  3.17051  3.63959  3.33533  3.29170  1.35893  2.43514  3.00201  5.47660  4.21308     92 s - - -
          2.68618  4.42225  2.77519  2.73123  3.46354  2.40513  3.72494  3.29354  2.67741  2.69355  4.24690  2.90347  2.73739  3.18146  2.89801  2.37887  2.77519  2.98518  4.58477  3.61503
          0.03318  3.81818  4.54053  0.61958  0.77255  0.48576  0.95510
     93   2.80400  4.98358  2.61161  2.22690  4.24864  3.32105  3.65575  3.71207  2.31014  3.26003  4.16724  2.88502  3.84037  1.67778  2.64151  2.79771  3.06038  3.39648  5.43411  4.10735     93 q - - -
          2.68618  4.42225  2.77519  2.73123  3.46354  2.40513  3.72494  3.29354  2.67741  2.69355  4.24690  2.90347  2.73739  3.18146  2.89801  2.37887  2.77519  2.98518  4.58477  3.61503
          0.03318  3.81818  4.54053  0.61958  0.77255  0.48576  0.95510
     94   2.52800  1.05762  4.03280  3.76091  3.76580  3.16144  4.42006  2.90162  3.58784  2.81908  3.93905  3.76240  3.86408  3.93629  3.72146  2.79935  2.99035  2.64964  5.19225  4.05357     94 c - - -
          2.68618  4.42225  2.77519  2.73123  3.46354  2.40513  3.72494  3.29354  2.67741  2.69355  4.24690  2.90347  2.73739  3.18146  2.89801  2.37887  2.77519  2.98518  4.58477  3.61503
          0.03318  3.81818  4.54053  0.61958  0.77255  0.48576  0.95510
     95   2.78415  5.00320  2.66226  2.18657  4.29560  3.34891  3.61135  3.73302  2.22706  3.26946  4.13698  2.87740  3.83387  1.82014  2.49123  2.77185  3.02186  3.40395  5.43337  4.11684     95 q - - -
          2.68618  4.42225  2.77519  2.73123  3.46354  2.40513  3.72494  3.29354  2.67741  2.69355  4.24690  2.90347  2.73739  3.18146  2.89801  2.37887  2.77519  2.98518  4.58477  3.61503
          0.03318  3.81818  4.54053  0.61958  0.77255  0.48576  0.95510
     96   3.04593  4.49239  4.32362  3.77225  3.06872  4.17791  4.47027  2.05248  3.58939  1.40492  1.90668  4.08908  4.45571  3.85866  3.80460  3.50760  3.28209  2.16257  5.03048  3.86604     96 l - - -
          2.68618  4.42225  2.77519  2.73123  3.46354  2.40513  3.72494  3.29354  2.67741  2.69355  4.24690  2.90347  2.73739  3.18146  2.89801  2.37887  2.77519  2.98518  4.58477  3.61503
          0.03318  3.81818  4.54053  0.61958  0.77255  0.48576  0.95510
     97   2.83857  5.21562  1.28827  2.03458  4.57049  3.01614  3.73833  4.06207  2.76461  3.64199  4.52570  2.67224  3.77296  2.92627  3.32410  2.76422  3.14946  3.66685  5.78397  4.34402     97 d - - -
          2.68618  4.42225  2.77519  2.73123  3.46354  2.40513  3.72494  3.29354  2.67741  2.69355  4.24690  2.90347  2.73739  3.18146  2.89801  2.37887  2.77519  2.98518  4.58477  3.61503
          0.03318  3.81818  4.54053  0.61958  0.77255  0.48576  0.95510
     98   2.43710  4.77708  2.53404  2.24170  4.02543  3.11717  3.49006  3.34762  2.34745  3.04181  3.60253  2.82841  3.75010  2.67467  2.83345  2.57484  2.78614  3.05142  5.27777  3.93500     98 e - - -
          2.68618  4.42225  2.77519  2.73123  3.46354  2.40513  3.72494  3.29354  2.67741  2.69355  4.24690  2.90347  2.73739  3.18146  2.89801  2.37887  2.77519  2.98518  4.58477  3.61503
          0.03318  3.81818  4.54053  0.61958  0.77255  0.48576  0.95510
     99   2.76688  5.24843  2.01044  1.64884  4.52400  3.20630  3.45408  4.01019  2.46073  3.52343  4.34419  2.59180  3.75842  2.66157  3.04311  2.68887  3.02840  3.61176  5.69335  4.24907     99 e - - -
          2.68618  4.42225  2.77519  2.73123  3.46354  2.40513  3.72494  3.29354  2.67741  2.69355  4.24690  2.90347  2.73739  3.18146  2.89801  2.37887  2.77519  2.98518  4.58477  3.61503
          0.03318  3.81818  4.54053  0.61958  0.77255  0.48576  0.95510
    100   2.65446  5.15772  2.10355  1.44650  4.47422  3.18258  3.68138  3.89953  2.61465  3.49199  4.35393  2.69005  3.77060  2.85213  3.13033  2.71989  3.06449  3.52853  5.69436  4.26354    100 e - - -
          2.68618  4.42225  2.77519  2.73123  3.46354  2.40513  3.72494  3.29354  2.67741  2.69355  4.24690  2.90347  2.73739  3.18146  2.89801  2.37887  2.77519  2.98518  4.58477  3.61503
          0.03318  3.81818  4.54053  0.61958  0.77255  0.48576  0.95510
    101   3.00153  4.40655  4.39608  3.83981  3.18651  4.20819  4.55177  1.68431  3.70564  1.37429  2.82514  4.14226  4.48432  3.94883  3.92378  3.53326  3.12914  1.88860  5.12441  3.98244    101 l - - -
          2.68618  4.42225  2.77519  2.73123  3.46354  2.40513  3.72494  3.29354  2.67741  2.69355  4.24690  2.90347  2.73739  3.18146  2.89801  2.37887  2.77519  2.98518  4.58477  3.61503
          0.02245  3.80746        *  0.61958  0.77255  0.00000        *
//
