HMMER3/f [3.1b2 | February 2015]
NAME  pth1
LENG  150
ALPH  amino
RF    no
MM    no
CONS  yes
CS    no
MAP   yes
DATE  Mon Sep 12 12:09:11 2016
NSEQ  24
EFFN  0.436523
CKSUM 3424617466
STATS LOCAL MSV      -10.2761  0.70938
STATS LOCAL VITERBI  -11.1016  0.70938
STATS LOCAL FORWARD   -4.6350  0.70938
HMM          A        C        D        E        F        G        H        I        K        L        M        N        P        Q        R        S        T        V        W        Y   
            m->m     m->i     m->d     i->m     i->i     d->m     d->d
  COMPO   2.52092  3.74745  2.90811  2.56809  3.45339  2.82515  3.57849  3.02619  2.60271  2.63130  3.82015  3.04931  3.19713  3.13626  2.81916  2.66425  2.88026  2.77921  4.02823  3.42958
          2.68618  4.42225  2.77519  2.73123  3.46354  2.40513  3.72494  3.29354  2.67741  2.69355  4.24690  2.90347  2.73739  3.18146  2.89801  2.37887  2.77519  2.98518  4.58477  3.61503
          0.03301  3.82309  4.54544  0.61958  0.77255  0.00000        *
      1   3.00445  4.45713  4.27564  3.75265  2.26878  4.07846  4.24967  2.27420  3.62206  1.58721  1.93270  4.01001  4.38754  3.82977  3.81894  3.41490  3.24573  2.32413  4.70611  3.35175      1 l - - -
          2.68618  4.42225  2.77519  2.73123  3.46354  2.40513  3.72494  3.29354  2.67741  2.69355  4.24690  2.90347  2.73739  3.18146  2.89801  2.37887  2.77519  2.98518  4.58477  3.61503
          0.03301  3.82309  4.54544  0.61958  0.77255  0.48576  0.95510
      2   2.38787  4.23252  3.38593  3.13678  3.92687  3.07313  4.15765  3.04805  3.07876  2.91325  3.96775  3.35343  3.77335  3.47631  3.33925  2.58869  1.25849  2.74831  5.36908  4.14378      2 t - - -
          2.68618  4.42225  2.77519  2.73123  3.46354  2.40513  3.72494  3.29354  2.67741  2.69355  4.24690  2.90347  2.73739  3.18146  2.89801  2.37887  2.77519  2.98518  4.58477  3.61503
          0.03301  3.82309  4.54544  0.61958  0.77255  0.48576  0.95510
      3   2.92835  4.88824  3.10094  2.73289  4.26336  3.42212  3.73430  3.68975  1.10802  3.26612  4.23113  3.15921  3.92670  2.92925  2.42572  2.97411  3.18577  3.40064  5.33905  4.14505      3 k - - -
          2.68618  4.42225  2.77519  2.73123  3.46354  2.40513  3.72494  3.29354  2.67741  2.69355  4.24690  2.90347  2.73739  3.18146  2.89801  2.37887  2.77519  2.98518  4.58477  3.61503
          0.03301  3.82309  4.54544  0.61958  0.77255  0.48576  0.95510
      4   2.91164  5.00994  2.46980  1.09779  4.35027  3.24351  3.82731  3.79439  2.70174  3.41994  4.39718  2.90779  3.84606  3.04467  3.10467  2.89972  3.21585  3.48373  5.53125  4.25460      4 e - - -
          2.68618  4.42225  2.77519  2.73123  3.46354  2.40513  3.72494  3.29354  2.67741  2.69355  4.24690  2.90347  2.73739  3.18146  2.89801  2.37887  2.77519  2.98518  4.58477  3.61503
          0.03301  3.82309  4.54544  0.61958  0.77255  0.48576  0.95510
      5   2.91164  5.00994  2.46980  1.09779  4.35027  3.24351  3.82731  3.79439  2.70174  3.41994  4.39718  2.90779  3.84606  3.04467  3.10467  2.89972  3.21585  3.48373  5.53125  4.25460      5 e - - -
          2.68618  4.42225  2.77519  2.73123  3.46354  2.40513  3.72494  3.29354  2.67741  2.69355  4.24690  2.90347  2.73739  3.18146  2.89801  2.37887  2.77519  2.98518  4.58477  3.61503
          0.03301  3.82309  4.54544  0.61958  0.77255  0.48576  0.95510
      6   2.84354  4.82593  2.87238  2.62743  3.98764  3.33449  3.78493  3.61179  2.45192  3.11896  4.14927  3.08632  3.88792  1.32459  2.73663  2.89388  3.14105  3.34487  5.26896  3.95975      6 q - - -
          2.68618  4.42225  2.77519  2.73123  3.46354  2.40513  3.72494  3.29354  2.67741  2.69355  4.24690  2.90347  2.73739  3.18146  2.89801  2.37887  2.77519  2.98518  4.58477  3.61503
          0.03301  3.82309  4.54544  0.61958  0.77255  0.48576  0.95510
      7   2.99275  4.42646  4.26361  3.87831  3.34193  4.01162  4.61625  1.14130  3.70541  1.93921  3.28613  4.13063  4.44844  4.05938  3.90770  3.50294  3.29317  1.84737  5.22185  3.95522      7 i - - -
          2.68618  4.42225  2.77519  2.73123  3.46354  2.40513  3.72494  3.29354  2.67741  2.69355  4.24690  2.90347  2.73739  3.18146  2.89801  2.37887  2.77519  2.98518  4.58477  3.61503
          0.03301  3.82309  4.54544  0.61958  0.77255  0.48576  0.95510
      8   3.24636  4.62973  4.22939  3.84567  1.25205  4.08709  3.53760  2.88383  3.71669  2.25464  3.52995  3.85856  4.43361  3.84070  3.85611  3.45599  3.48676  2.83469  3.75884  1.90146      8 f - - -
          2.68618  4.42225  2.77519  2.73123  3.46354  2.40513  3.72494  3.29354  2.67741  2.69355  4.24690  2.90347  2.73739  3.18146  2.89801  2.37887  2.77519  2.98518  4.58477  3.61503
          0.03301  3.82309  4.54544  0.61958  0.77255  0.48576  0.95510
      9   3.10076  4.57821  4.10974  3.75035  3.11854  3.91856  4.42161  2.32108  3.51854  0.93854  3.15871  4.03050  4.36308  3.89873  3.70230  3.48507  3.39764  2.34540  4.97892  3.69053      9 l - - -
          2.68618  4.42225  2.77519  2.73123  3.46354  2.40513  3.72494  3.29354  2.67741  2.69355  4.24690  2.90347  2.73739  3.18146  2.89801  2.37887  2.77519  2.98518  4.58477  3.61503
          0.03301  3.82309  4.54544  0.61958  0.77255  0.48576  0.95510
     10   3.10076  4.57821  4.10974  3.75035  3.11854  3.91856  4.42161  2.32108  3.51854  0.93854  3.15871  4.03050  4.36308  3.89873  3.70230  3.48507  3.39764  2.34540  4.97892  3.69053     10 l - - -
          2.68618  4.42225  2.77519  2.73123  3.46354  2.40513  3.72494  3.29354  2.67741  2.69355  4.24690  2.90347  2.73739  3.18146  2.89801  2.37887  2.77519  2.98518  4.58477  3.61503
          0.03301  3.82309  4.54544  0.61958  0.77255  0.48576  0.95510
     11   2.94374  4.76841  3.08025  2.83612  3.25222  3.40758  1.25108  3.63890  2.68062  3.13872  4.17855  3.24709  3.95787  3.20197  2.94885  3.01514  3.24581  3.37506  4.71779  3.20466     11 h - - -
          2.68618  4.42225  2.77519  2.73123  3.46354  2.40513  3.72494  3.29354  2.67741  2.69355  4.24690  2.90347  2.73739  3.18146  2.89801  2.37887  2.77519  2.98518  4.58477  3.61503
          0.03301  3.82309  4.54544  0.61958  0.77255  0.48576  0.95510
     12   2.81386  4.83795  3.19256  2.68901  4.11807  3.28531  3.37798  3.65619  2.05655  3.18889  4.07546  3.10335  3.90221  2.80050  1.45444  2.86123  3.04844  3.34310  5.24449  3.97929     12 r - - -
          2.68618  4.42225  2.77519  2.73123  3.46354  2.40513  3.72494  3.29354  2.67741  2.69355  4.24690  2.90347  2.73739  3.18146  2.89801  2.37887  2.77519  2.98518  4.58477  3.61503
          0.03301  3.82309  4.54544  0.61958  0.77255  0.48576  0.95510
     13   1.08739  4.16909  3.41378  3.20388  4.00442  2.99472  4.23158  3.12267  3.21888  3.00642  4.04453  3.36556  3.72937  3.56482  3.47223  2.52023  2.79422  2.78569  5.43656  4.23152     13 a - - -
          2.68618  4.42225  2.77519  2.73123  3.46354  2.40513  3.72494  3.29354  2.67741  2.69355  4.24690  2.90347  2.73739  3.18146  2.89801  2.37887  2.77519  2.98518  4.58477  3.61503
          0.03301  3.82309  4.54544  0.61958  0.77255  0.48576  0.95510
     14   2.84354  4.82593  2.87238  2.62743  3.98764  3.33449  3.78493  3.61179  2.45192  3.11896  4.14927  3.08632  3.88792  1.32459  2.73663  2.89388  3.14105  3.34487  5.26896  3.95975     14 q - - -
          2.68618  4.42225  2.77519  2.73123  3.46354  2.40513  3.72494  3.29354  2.67741  2.69355  4.24690  2.90347  2.73739  3.18146  2.89801  2.37887  2.77519  2.98518  4.58477  3.61503
          0.03301  3.82309  4.54544  0.61958  0.77255  0.48576  0.95510
     15   1.08739  4.16909  3.41378  3.20388  4.00442  2.99472  4.23158  3.12267  3.21888  3.00642  4.04453  3.36556  3.72937  3.56482  3.47223  2.52023  2.79422  2.78569  5.43656  4.23152     15 a - - -
          2.68618  4.42225  2.77519  2.73123  3.46354  2.40513  3.72494  3.29354  2.67741  2.69355  4.24690  2.90347  2.73739  3.18146  2.89801  2.37887  2.77519  2.98518  4.58477  3.61503
          0.03301  3.82309  4.54544  0.61958  0.77255  0.48576  0.95510
     16   2.84354  4.82593  2.87238  2.62743  3.98764  3.33449  3.78493  3.61179  2.45192  3.11896  4.14927  3.08632  3.88792  1.32459  2.73663  2.89388  3.14105  3.34487  5.26896  3.95975     16 q - - -
          2.68618  4.42225  2.77519  2.73123  3.46354  2.40513  3.72494  3.29354  2.67741  2.69355  4.24690  2.90347  2.73739  3.18146  2.89801  2.37887  2.77519  2.98518  4.58477  3.61503
          0.03301  3.82309  4.54544  0.61958  0.77255  0.48576  0.95510
     17   2.53308  1.04641  4.03924  3.76834  3.77195  3.16563  4.42639  2.90847  3.59526  2.82577  3.94583  3.76852  3.86866  3.94349  3.72807  2.80447  2.99582  2.65618  5.19753  4.05973     17 c - - -
          2.68618  4.42225  2.77519  2.73123  3.46354  2.40513  3.72494  3.29354  2.67741  2.69355  4.24690  2.90347  2.73739  3.18146  2.89801  2.37887  2.77519  2.98518  4.58477  3.61503
          0.03301  3.82309  4.54544  0.61958  0.77255  0.48576  0.95510
     18   2.82645  5.31010  1.79272  1.51432  4.61125  3.04374  3.68140  4.10104  2.66217  3.63336  4.48264  2.64207  3.76584  2.84841  3.22438  2.73440  3.11140  3.69656  5.80060  4.33356     18 e - - -
          2.68618  4.42225  2.77519  2.73123  3.46354  2.40513  3.72494  3.29354  2.67741  2.69355  4.24690  2.90347  2.73739  3.18146  2.89801  2.37887  2.77519  2.98518  4.58477  3.61503
          0.03301  3.82309  4.54544  0.61958  0.77255  0.48576  0.95510
     19   2.92835  4.88824  3.10094  2.73289  4.26336  3.42212  3.73430  3.68975  1.10802  3.26612  4.23113  3.15921  3.92670  2.92925  2.42572  2.97411  3.18577  3.40064  5.33905  4.14505     19 k - - -
          2.68618  4.42225  2.77519  2.73123  3.46354  2.40513  3.72494  3.29354  2.67741  2.69355  4.24690  2.90347  2.73739  3.18146  2.89801  2.37887  2.77519  2.98518  4.58477  3.61503
          0.03301  3.82309  4.54544  0.61958  0.77255  0.48576  0.95510
     20   2.75941  4.71854  3.29788  2.70451  3.90815  3.52609  3.61531  3.29536  2.07854  2.37850  3.80185  3.12706  3.91311  2.71856  1.84928  2.84329  2.96906  3.04766  5.14670  3.89878     20 r - - -
          2.68618  4.42225  2.77519  2.73123  3.46354  2.40513  3.72494  3.29354  2.67741  2.69355  4.24690  2.90347  2.73739  3.18146  2.89801  2.37887  2.77519  2.98518  4.58477  3.61503
          0.03301  3.82309  4.54544  0.61958  0.77255  0.48576  0.95510
     21   3.10076  4.57821  4.10974  3.75035  3.11854  3.91856  4.42161  2.32108  3.51854  0.93854  3.15871  4.03050  4.36308  3.89873  3.70230  3.48507  3.39764  2.34540  4.97892  3.69053     21 l - - -
          2.68618  4.42225  2.77519  2.73123  3.46354  2.40513  3.72494  3.29354  2.67741  2.69355  4.24690  2.90347  2.73739  3.18146  2.89801  2.37887  2.77519  2.98518  4.58477  3.61503
          0.03301  3.82309  4.54544  0.61958  0.77255  0.48576  0.95510
     22   2.88230  4.96832  2.99260  2.59809  4.30347  3.44490  3.62351  3.72973  1.30390  3.25289  4.16801  3.04335  3.91027  2.67422  2.29362  2.89760  3.11064  3.42579  5.36776  4.11991     22 k - - -
          2.68618  4.42225  2.77519  2.73123  3.46354  2.40513  3.72494  3.29354  2.67741  2.69355  4.24690  2.90347  2.73739  3.18146  2.89801  2.37887  2.77519  2.98518  4.58477  3.61503
          0.03301  3.82309  4.54544  0.61958  0.77255  0.48576  0.95510
     23   2.91164  5.00994  2.46980  1.09779  4.35027  3.24351  3.82731  3.79439  2.70174  3.41994  4.39718  2.90779  3.84606  3.04467  3.10467  2.89972  3.21585  3.48373  5.53125  4.25460     23 e - - -
          2.68618  4.42225  2.77519  2.73123  3.46354  2.40513  3.72494  3.29354  2.67741  2.69355  4.24690  2.90347  2.73739  3.18146  2.89801  2.37887  2.77519  2.98518  4.58477  3.61503
          0.03301  3.82309  4.54544  0.61958  0.77255  0.48576  0.95510
     24   2.76935  4.32662  4.05614  3.71868  3.51505  3.67178  4.52926  2.05612  3.58567  2.21136  3.48868  3.91616  4.23572  3.94946  3.80275  3.17296  3.13254  1.08969  5.29082  4.01893     24 v - - -
          2.68618  4.42225  2.77519  2.73123  3.46354  2.40513  3.72494  3.29354  2.67741  2.69355  4.24690  2.90347  2.73739  3.18146  2.89801  2.37887  2.77519  2.98518  4.58477  3.61503
          0.03301  3.82309  4.54544  0.61958  0.77255  0.48576  0.95510
     25   2.69672  4.50039  3.27912  2.83546  3.46272  3.52109  3.80985  2.83685  2.60811  1.71859  3.46845  3.25069  3.74322  2.60383  2.90350  2.86841  2.95200  2.69412  4.99413  3.70350     25 l - - -
          2.68618  4.42225  2.77519  2.73123  3.46354  2.40513  3.72494  3.29354  2.67741  2.69355  4.24690  2.90347  2.73739  3.18146  2.89801  2.37887  2.77519  2.98518  4.58477  3.61503
          0.03301  3.82309  4.54544  0.61958  0.77255  0.48576  0.95510
     26   2.72473  4.79022  3.20109  2.59788  3.94152  3.49426  3.57194  3.43649  2.10981  2.91889  3.86929  3.05107  3.87257  2.18567  2.00539  2.77400  2.93232  3.15317  4.58166  3.86242     26 r - - -
          2.68618  4.42225  2.77519  2.73123  3.46354  2.40513  3.72494  3.29354  2.67741  2.69355  4.24690  2.90347  2.73739  3.18146  2.89801  2.37887  2.77519  2.98518  4.58477  3.61503
          0.03301  3.82309  4.54544  0.61958  0.77255  0.48576  0.95510
     27   2.77495  4.84464  3.20192  2.63959  4.23344  3.47111  3.58948  3.58349  1.88200  3.14463  4.01330  3.06907  3.88708  2.74604  1.69801  2.81736  2.66355  3.27532  5.30726  4.08268     27 r - - -
          2.68618  4.42225  2.77519  2.73123  3.46354  2.40513  3.72494  3.29354  2.67741  2.69355  4.24690  2.90347  2.73739  3.18146  2.89801  2.37887  2.77519  2.98518  4.58477  3.61503
          0.03301  3.82309  4.54544  0.61958  0.77255  0.48576  0.95510
     28   1.90769  4.22493  3.15365  2.89402  4.07317  2.98609  4.02670  3.37325  2.94324  3.11718  4.04153  3.17081  1.79257  3.29143  3.26378  2.45807  2.73876  2.97189  5.43916  4.20037     28 p - - -
          2.68618  4.42225  2.77519  2.73123  3.46354  2.40513  3.72494  3.29354  2.67741  2.69355  4.24690  2.90347  2.73739  3.18146  2.89801  2.37887  2.77519  2.98518  4.58477  3.61503
          0.03301  3.82309  4.54544  0.61958  0.77255  0.48576  0.95510
     29   1.08739  4.16909  3.41378  3.20388  4.00442  2.99472  4.23158  3.12267  3.21888  3.00642  4.04453  3.36556  3.72937  3.56482  3.47223  2.52023  2.79422  2.78569  5.43656  4.23152     29 a - - -
          2.68618  4.42225  2.77519  2.73123  3.46354  2.40513  3.72494  3.29354  2.67741  2.69355  4.24690  2.90347  2.73739  3.18146  2.89801  2.37887  2.77519  2.98518  4.58477  3.61503
          0.03301  3.82309  4.54544  0.61958  0.77255  0.48576  0.95510
     30   2.69705  5.05319  1.88492  2.14605  4.44737  3.15558  3.68117  3.94420  2.62444  3.49854  4.33133  2.08434  3.74486  2.84878  3.15332  2.33203  2.99853  3.53395  5.67349  4.23862     30 d - - -
          2.68618  4.42225  2.77519  2.73123  3.46354  2.40513  3.72494  3.29354  2.67741  2.69355  4.24690  2.90347  2.73739  3.18146  2.89801  2.37887  2.77519  2.98518  4.58477  3.61503
          0.03301  3.82309  4.54544  0.61958  0.77255  0.48576  0.95510
     31   2.96784  4.39581  4.36538  3.92302  3.34230  4.09860  4.66433  1.21808  3.75128  1.89265  3.23425  4.17056  4.49821  4.08133  3.96500  3.51179  3.25940  1.71948  5.26973  4.01415     31 i - - -
          2.68618  4.42225  2.77519  2.73123  3.46354  2.40513  3.72494  3.29354  2.67741  2.69355  4.24690  2.90347  2.73739  3.18146  2.89801  2.37887  2.77519  2.98518  4.58477  3.61503
          0.03301  3.82309  4.54544  0.61958  0.77255  0.48576  0.95510
     32   2.93160  4.48856  3.99688  3.58739  3.18810  3.79727  4.33401  2.35885  3.35786  1.79097  1.47600  3.87074  4.25830  3.74343  3.56882  3.27519  3.23631  2.35903  5.02186  3.77882     32 m - - -
          2.68618  4.42225  2.77519  2.73123  3.46354  2.40513  3.72494  3.29354  2.67741  2.69355  4.24690  2.90347  2.73739  3.18146  2.89801  2.37887  2.77519  2.98518  4.58477  3.61503
          0.03301  3.82309  4.54544  0.61958  0.77255  0.48576  0.95510
     33   2.84366  5.13040  2.21263  1.26567  4.44692  3.19947  3.73383  3.89598  2.65270  3.50347  4.40434  2.75179  3.80047  2.92250  3.12766  2.79306  3.13653  3.54298  5.65010  4.26831     33 e - - -
          2.68618  4.42225  2.77519  2.73123  3.46354  2.40513  3.72494  3.29354  2.67741  2.69355  4.24690  2.90347  2.73739  3.18146  2.89801  2.37887  2.77519  2.98518  4.58477  3.61503
          0.03301  3.82309  4.54544  0.61958  0.77255  0.48576  0.95510
     34   2.25169  4.19706  3.11567  2.90424  4.10574  2.92379  4.04719  3.57803  2.98276  3.27827  4.16389  3.15499  3.37988  3.32692  3.29168  1.26971  2.72076  3.09832  5.46133  4.18639     34 s - - -
          2.68618  4.42225  2.77519  2.73123  3.46354  2.40513  3.72494  3.29354  2.67741  2.69355  4.24690  2.90347  2.73739  3.18146  2.89801  2.37887  2.77519  2.98518  4.58477  3.61503
          0.03301  3.82309  4.54544  0.61958  0.77255  0.48576  0.95510
     35   2.85283  5.05955  1.12047  2.23087  4.49768  2.96049  3.83215  4.04474  2.88486  3.64985  4.56856  2.78577  3.79128  3.04819  3.41332  2.81581  3.19075  3.65087  5.68267  4.33699     35 d - - -
          2.68618  4.42225  2.77519  2.73123  3.46354  2.40513  3.72494  3.29354  2.67741  2.69355  4.24690  2.90347  2.73739  3.18146  2.89801  2.37887  2.77519  2.98518  4.58477  3.61503
          0.03301  3.82309  4.54544  0.61958  0.77255  0.48576  0.95510
     36   2.92835  4.88824  3.10094  2.73289  4.26336  3.42212  3.73430  3.68975  1.10802  3.26612  4.23113  3.15921  3.92670  2.92925  2.42572  2.97411  3.18577  3.40064  5.33905  4.14505     36 k - - -
          2.68618  4.42225  2.77519  2.73123  3.46354  2.40513  3.72494  3.29354  2.67741  2.69355  4.24690  2.90347  2.73739  3.18146  2.89801  2.37887  2.77519  2.98518  4.58477  3.61503
          0.03301  3.82309  4.54544  0.61958  0.77255  0.48576  0.95510
     37   2.36484  4.31968  2.98858  2.76243  4.07172  1.54366  3.94588  3.45691  2.69884  3.18070  4.08038  3.09887  3.70635  3.20117  3.14344  2.50792  2.78923  2.89785  5.41421  4.13704     37 g - - -
          2.68618  4.42225  2.77519  2.73123  3.46354  2.40513  3.72494  3.29354  2.67741  2.69355  4.24690  2.90347  2.73739  3.18146  2.89801  2.37887  2.77519  2.98518  4.58477  3.61503
          0.03301  3.82309  4.54544  0.61958  0.77255  0.48576  0.95510
     38   3.25641  4.64818  4.01747  3.71202  2.61972  3.67631  3.84225  3.27874  3.43562  2.68177  3.91474  3.87125  4.19017  3.82588  3.57238  3.46052  3.55453  3.16772  0.99109  2.62456     38 w - - -
          2.68618  4.42225  2.77519  2.73123  3.46354  2.40513  3.72494  3.29354  2.67741  2.69355  4.24690  2.90347  2.73739  3.18146  2.89801  2.37887  2.77519  2.98518  4.58477  3.61503
          0.03301  3.82309  4.54544  0.61958  0.77255  0.48576  0.95510
     39   2.16308  4.23107  3.39007  2.89601  3.69533  3.23285  3.89142  2.85280  2.82135  2.68151  3.32491  3.22928  3.49507  3.16681  3.16594  2.58017  1.98375  2.50778  5.13423  3.89709     39 t - - -
          2.68618  4.42225  2.77519  2.73123  3.46354  2.40513  3.72494  3.29354  2.67741  2.69355  4.24690  2.90347  2.73739  3.18146  2.89801  2.37887  2.77519  2.98518  4.58477  3.61503
          0.03301  3.82309  4.54544  0.61958  0.77255  0.48576  0.95510
     40   2.05412  4.17884  3.13721  2.84986  4.13956  2.92590  3.99352  3.53519  2.91986  3.22652  4.07164  3.11844  2.89881  3.24092  3.26292  1.53609  2.66531  3.05511  5.47727  4.22781     40 s - - -
          2.68618  4.42225  2.77519  2.73123  3.46354  2.40513  3.72494  3.29354  2.67741  2.69355  4.24690  2.90347  2.73739  3.18146  2.89801  2.37887  2.77519  2.98518  4.58477  3.61503
          0.03301  3.82309  4.54544  0.61958  0.77255  0.48576  0.95510
     41   1.43435  4.10898  3.55096  3.19092  3.89076  3.04792  4.16218  2.81167  3.13169  2.80694  3.81052  3.35593  3.74200  3.46468  3.41713  2.48407  2.51444  2.31581  5.38641  4.16761     41 a - - -
          2.68618  4.42225  2.77519  2.73123  3.46354  2.40513  3.72494  3.29354  2.67741  2.69355  4.24690  2.90347  2.73739  3.18146  2.89801  2.37887  2.77519  2.98518  4.58477  3.61503
          0.03301  3.82309  4.54544  0.61958  0.77255  0.48576  0.95510
     42   2.24562  4.21805  3.23934  2.91063  3.46422  3.04889  3.95668  3.20760  2.92275  2.95598  3.89242  3.18904  3.71343  3.25977  3.25190  1.47319  2.72694  2.85410  5.21091  3.86800     42 s - - -
          2.68618  4.42225  2.77519  2.73123  3.46354  2.40513  3.72494  3.29354  2.67741  2.69355  4.24690  2.90347  2.73739  3.18146  2.89801  2.37887  2.77519  2.98518  4.58477  3.61503
          0.03301  3.82309  4.54544  0.61958  0.77255  0.48576  0.95510
     43   2.38787  4.23252  3.38593  3.13678  3.92687  3.07313  4.15765  3.04805  3.07876  2.91325  3.96775  3.35343  3.77335  3.47631  3.33925  2.58869  1.25849  2.74831  5.36908  4.14378     43 t - - -
          2.68618  4.42225  2.77519  2.73123  3.46354  2.40513  3.72494  3.29354  2.67741  2.69355  4.24690  2.90347  2.73739  3.18146  2.89801  2.37887  2.77519  2.98518  4.58477  3.61503
          0.03301  3.82309  4.54544  0.61958  0.77255  0.48576  0.95510
     44   2.24842  4.19987  3.10522  2.88262  4.11735  2.92574  4.03193  3.58129  2.96256  3.27420  4.15026  3.14197  3.25270  3.30365  3.27913  1.30602  2.71324  3.09954  5.46679  4.19578     44 s - - -
          2.68618  4.42225  2.77519  2.73123  3.46354  2.40513  3.72494  3.29354  2.67741  2.69355  4.24690  2.90347  2.73739  3.18146  2.89801  2.37887  2.77519  2.98518  4.58477  3.61503
          0.03301  3.82309  4.54544  0.61958  0.77255  0.48576  0.95510
     45   2.14433  4.20993  3.10050  2.95396  4.22463  1.27124  4.13679  3.62556  3.11879  3.36242  4.26886  3.19771  3.66290  3.43307  3.41559  2.45585  2.77435  3.13983  5.53174  4.32939     45 g - - -
          2.68618  4.42225  2.77519  2.73123  3.46354  2.40513  3.72494  3.29354  2.67741  2.69355  4.24690  2.90347  2.73739  3.18146  2.89801  2.37887  2.77519  2.98518  4.58477  3.61503
          0.03301  3.82309  4.54544  0.61958  0.77255  0.48576  0.95510
     46   2.89528  4.95364  3.13781  2.66588  4.33189  3.47945  3.61568  3.73223  1.27614  3.25624  4.16077  3.09150  3.92379  2.77807  2.13995  2.91845  3.11390  3.42688  5.35061  4.13522     46 k - - -
          2.68618  4.42225  2.77519  2.73123  3.46354  2.40513  3.72494  3.29354  2.67741  2.69355  4.24690  2.90347  2.73739  3.18146  2.89801  2.37887  2.77519  2.98518  4.58477  3.61503
          0.03301  3.82309  4.54544  0.61958  0.77255  0.48576  0.95510
     47   2.38855  4.31226  3.06485  2.86581  4.03825  3.01954  4.01935  3.50769  2.92531  3.20376  4.14911  3.17172  1.44344  3.30630  3.22868  2.43284  2.83250  3.10180  5.38783  4.11545     47 p - - -
          2.68618  4.42225  2.77519  2.73123  3.46354  2.40513  3.72494  3.29354  2.67741  2.69355  4.24690  2.90347  2.73739  3.18146  2.89801  2.37887  2.77519  2.98518  4.58477  3.61503
          0.03301  3.82309  4.54544  0.61958  0.77255  0.48576  0.95510
     48   2.92064  4.95416  3.31131  2.73582  4.34204  3.53642  3.58986  3.72552  1.77704  3.23395  4.13126  3.13639  3.94722  2.74731  1.41678  2.94955  3.11976  3.42655  5.32281  4.13175     48 r - - -
          2.68618  4.42225  2.77519  2.73123  3.46354  2.40513  3.72494  3.29354  2.67741  2.69355  4.24690  2.90347  2.73739  3.18146  2.89801  2.37887  2.77519  2.98518  4.58477  3.61503
          0.03301  3.82309  4.54544  0.61958  0.77255  0.48576  0.95510
     49   2.92835  4.88824  3.10094  2.73289  4.26336  3.42212  3.73430  3.68975  1.10802  3.26612  4.23113  3.15921  3.92670  2.92925  2.42572  2.97411  3.18577  3.40064  5.33905  4.14505     49 k - - -
          2.68618  4.42225  2.77519  2.73123  3.46354  2.40513  3.72494  3.29354  2.67741  2.69355  4.24690  2.90347  2.73739  3.18146  2.89801  2.37887  2.77519  2.98518  4.58477  3.61503
          0.03301  3.82309  4.54544  0.61958  0.77255  0.48576  0.95510
     50   2.83931  5.27962  1.92214  1.39505  4.57185  3.17104  3.69450  4.05008  2.66586  3.60502  4.47091  2.66344  3.77576  2.86723  3.20956  2.75370  3.12531  3.66238  5.76776  4.31909     50 e - - -
          2.68618  4.42225  2.77519  2.73123  3.46354  2.40513  3.72494  3.29354  2.67741  2.69355  4.24690  2.90347  2.73739  3.18146  2.89801  2.37887  2.77519  2.98518  4.58477  3.61503
          0.03301  3.82309  4.54544  0.61958  0.77255  0.48576  0.95510
     51   2.82841  4.93032  2.97982  2.57354  4.30184  3.42808  3.61551  3.67899  1.38047  3.22530  4.12558  3.02207  3.89159  2.68092  2.31380  2.84964  2.96451  3.36974  5.37827  4.12665     51 k - - -
          2.68618  4.42225  2.77519  2.73123  3.46354  2.40513  3.72494  3.29354  2.67741  2.69355  4.24690  2.90347  2.73739  3.18146  2.89801  2.37887  2.77519  2.98518  4.58477  3.61503
          0.03301  3.82309  4.54544  0.61958  0.77255  0.48576  0.95510
     52   1.60661  4.16151  3.35915  2.93863  3.87552  3.05435  3.96027  3.10818  2.89529  2.80535  3.80009  3.20613  3.32112  3.23128  3.22798  2.38113  2.44917  2.67199  5.27425  4.04242     52 a - - -
          2.68618  4.42225  2.77519  2.73123  3.46354  2.40513  3.72494  3.29354  2.67741  2.69355  4.24690  2.90347  2.73739  3.18146  2.89801  2.37887  2.77519  2.98518  4.58477  3.61503
          0.03301  3.82309  4.54544  0.61958  0.77255  0.48576  0.95510
     53   2.10254  4.15886  3.14094  2.90209  4.14917  2.90213  4.04336  3.54601  2.97834  3.25929  4.12247  3.14212  3.35505  3.30757  3.29768  1.36445  2.67418  3.05814  5.50172  4.24691     53 s - - -
          2.68618  4.42225  2.77519  2.73123  3.46354  2.40513  3.72494  3.29354  2.67741  2.69355  4.24690  2.90347  2.73739  3.18146  2.89801  2.37887  2.77519  2.98518  4.58477  3.61503
          0.03301  3.82309  4.54544  0.61958  0.77255  0.48576  0.95510
     54   2.45465  4.49735  2.66107  2.34936  4.22492  1.68583  3.85323  3.65203  2.75383  3.30991  4.17118  2.93580  3.71052  3.07432  3.14469  2.38929  2.85002  3.22577  5.51886  4.21091     54 g - - -
          2.68618  4.42225  2.77519  2.73123  3.46354  2.40513  3.72494  3.29354  2.67741  2.69355  4.24690  2.90347  2.73739  3.18146  2.89801  2.37887  2.77519  2.98518  4.58477  3.61503
          0.03301  3.82309  4.54544  0.61958  0.77255  0.48576  0.95510
     55   2.89312  4.94162  3.11708  2.66712  4.31599  3.46634  3.63007  3.72268  1.25702  3.25493  4.16751  3.09376  3.92182  2.79676  2.18920  2.91935  3.11888  3.41894  5.35023  4.13194     55 k - - -
          2.68618  4.42225  2.77519  2.73123  3.46354  2.40513  3.72494  3.29354  2.67741  2.69355  4.24690  2.90347  2.73739  3.18146  2.89801  2.37887  2.77519  2.98518  4.58477  3.61503
          0.03301  3.82309  4.54544  0.61958  0.77255  0.48576  0.95510
     56   2.88471  4.41312  4.04407  3.53010  2.81670  3.92051  4.21155  2.26975  3.39523  1.25335  3.05095  3.83365  3.95800  3.67520  3.63892  3.25310  3.14131  2.20952  4.84266  3.53633     56 l - - -
          2.68618  4.42225  2.77519  2.73123  3.46354  2.40513  3.72494  3.29354  2.67741  2.69355  4.24690  2.90347  2.73739  3.18146  2.89801  2.37887  2.77519  2.98518  4.58477  3.61503
          0.03301  3.82309  4.54544  0.61958  0.77255  0.48576  0.95510
     57   3.20323  4.67426  3.97077  3.61144  2.02830  3.95417  3.48829  3.06923  3.47535  2.51279  3.73570  3.71138  4.34984  3.69572  3.66598  3.34998  3.45928  2.96100  3.76069  1.16719     57 y - - -
          2.68618  4.42225  2.77519  2.73123  3.46354  2.40513  3.72494  3.29354  2.67741  2.69355  4.24690  2.90347  2.73739  3.18146  2.89801  2.37887  2.77519  2.98518  4.58477  3.61503
          0.03301  3.82309  4.54544  0.61958  0.77255  0.48576  0.95510
     58   2.25363  4.33962  3.09858  2.70882  3.97481  3.11314  3.82366  3.34747  2.64875  3.02762  3.89156  3.07642  2.10931  3.04760  2.83715  2.37559  2.73788  2.87188  5.30570  4.03816     58 p - - -
          2.68618  4.42225  2.77519  2.73123  3.46354  2.40513  3.72494  3.29354  2.67741  2.69355  4.24690  2.90347  2.73739  3.18146  2.89801  2.37887  2.77519  2.98518  4.58477  3.61503
          0.03301  3.82309  4.54544  0.61958  0.77255  0.48576  0.95510
     59   2.91164  5.00994  2.46980  1.09779  4.35027  3.24351  3.82731  3.79439  2.70174  3.41994  4.39718  2.90779  3.84606  3.04467  3.10467  2.89972  3.21585  3.48373  5.53125  4.25460     59 e - - -
          2.68618  4.42225  2.77519  2.73123  3.46354  2.40513  3.72494  3.29354  2.67741  2.69355  4.24690  2.90347  2.73739  3.18146  2.89801  2.37887  2.77519  2.98518  4.58477  3.61503
          0.03301  3.82309  4.54544  0.61958  0.77255  0.48576  0.95510
     60   2.25186  4.19702  3.11603  2.90494  4.10526  2.92378  4.04767  3.57785  2.98340  3.27834  4.16431  3.15544  3.38368  3.32767  3.29209  1.26861  2.72105  3.09826  5.46106  4.18596     60 s - - -
          2.68618  4.42225  2.77519  2.73123  3.46354  2.40513  3.72494  3.29354  2.67741  2.69355  4.24690  2.90347  2.73739  3.18146  2.89801  2.37887  2.77519  2.98518  4.58477  3.61503
          0.03301  3.82309  4.54544  0.61958  0.77255  0.48576  0.95510
     61   2.79604  5.11357  2.53824  1.73873  4.42974  3.32084  3.60283  3.85505  1.93078  3.37688  4.22048  2.81327  3.81693  2.63470  2.61733  2.75536  3.03242  3.50077  5.52813  4.18836     61 e - - -
          2.68618  4.42225  2.77519  2.73123  3.46354  2.40513  3.72494  3.29354  2.67741  2.69355  4.24690  2.90347  2.73739  3.18146  2.89801  2.37887  2.77519  2.98518  4.58477  3.61503
          0.03301  3.82309  4.54544  0.61958  0.77255  0.48576  0.95510
     62   2.81791  5.12995  2.35419  1.43565  4.41488  3.24743  3.66332  3.85908  2.38219  3.41705  4.29702  2.75909  3.80750  2.72916  2.85728  2.77011  3.08462  3.51198  5.59824  4.21627     62 e - - -
          2.68618  4.42225  2.77519  2.73123  3.46354  2.40513  3.72494  3.29354  2.67741  2.69355  4.24690  2.90347  2.73739  3.18146  2.89801  2.37887  2.77519  2.98518  4.58477  3.61503
          0.03301  3.82309  4.54544  0.61958  0.77255  0.48576  0.95510
     63   2.80850  5.20249  1.38691  2.09645  4.52064  3.13449  3.72307  4.07908  2.74135  3.64086  4.51334  2.31647  3.76636  2.90950  3.30001  2.73717  3.12165  3.67004  5.76234  4.29031     63 d - - -
          2.68618  4.42225  2.77519  2.73123  3.46354  2.40513  3.72494  3.29354  2.67741  2.69355  4.24690  2.90347  2.73739  3.18146  2.89801  2.37887  2.77519  2.98518  4.58477  3.61503
          0.03301  3.82309  4.54544  0.61958  0.77255  0.48576  0.95510
     64   2.80027  4.94609  2.90348  2.44582  4.31803  3.41703  3.59864  3.67783  1.47953  3.23239  4.10148  2.97384  3.86928  2.68215  2.36555  2.81126  2.84218  3.35899  5.39207  4.13303     64 k - - -
          2.68618  4.42225  2.77519  2.73123  3.46354  2.40513  3.72494  3.29354  2.67741  2.69355  4.24690  2.90347  2.73739  3.18146  2.89801  2.37887  2.77519  2.98518  4.58477  3.61503
          0.03301  3.82309  4.54544  0.61958  0.77255  0.48576  0.95510
     65   2.80633  5.00045  2.38915  1.26494  4.41270  2.93137  3.76234  3.85972  2.64135  3.47026  4.36937  2.81923  3.80156  2.95767  3.07540  2.78767  3.11289  3.49990  5.59476  4.26602     65 e - - -
          2.68618  4.42225  2.77519  2.73123  3.46354  2.40513  3.72494  3.29354  2.67741  2.69355  4.24690  2.90347  2.73739  3.18146  2.89801  2.37887  2.77519  2.98518  4.58477  3.61503
          0.03301  3.82309  4.54544  0.61958  0.77255  0.48576  0.95510
     66   2.00018  4.17839  3.51675  3.04069  3.60309  3.14718  3.97413  2.62997  2.96766  2.45183  3.54358  3.33660  3.61767  3.29690  3.28367  2.64970  2.75506  1.92492  5.08889  3.85896     66 v - - -
          2.68618  4.42225  2.77519  2.73123  3.46354  2.40513  3.72494  3.29354  2.67741  2.69355  4.24690  2.90347  2.73739  3.18146  2.89801  2.37887  2.77519  2.98518  4.58477  3.61503
          0.03301  3.82309  4.54544  0.61958  0.77255  0.48576  0.95510
     67   2.34522  4.30558  3.21786  2.73973  3.55564  3.21032  3.80077  3.07855  2.70632  2.73097  3.68886  3.12076  2.42962  3.04882  3.08199  2.29428  2.64127  2.69470  5.14074  3.87136     67 s - - -
          2.68618  4.42225  2.77519  2.73123  3.46354  2.40513  3.72494  3.29354  2.67741  2.69355  4.24690  2.90347  2.73739  3.18146  2.89801  2.37887  2.77519  2.98518  4.58477  3.61503
          0.03301  3.82309  4.54544  0.61958  0.77255  0.48576  0.95510
     68   2.05986  4.21339  3.28587  2.84002  3.85533  3.09563  3.88794  3.00747  2.80682  2.90289  3.77430  3.15705  3.12724  3.14304  3.16226  2.34695  1.99960  2.80202  5.23607  3.99339     68 t - - -
          2.68618  4.42225  2.77519  2.73123  3.46354  2.40513  3.72494  3.29354  2.67741  2.69355  4.24690  2.90347  2.73739  3.18146  2.89801  2.37887  2.77519  2.98518  4.58477  3.61503
          0.03301  3.82309  4.54544  0.61958  0.77255  0.48576  0.95510
     69   2.52899  4.46358  2.62500  2.70524  4.27686  1.17533  4.03344  3.78932  3.03679  3.45877  4.36175  3.10267  3.73582  3.31129  3.40137  2.64667  2.96208  3.33965  5.49106  4.30104     69 g - - -
          2.68618  4.42225  2.77519  2.73123  3.46354  2.40513  3.72494  3.29354  2.67741  2.69355  4.24690  2.90347  2.73739  3.18146  2.89801  2.37887  2.77519  2.98518  4.58477  3.61503
          0.03301  3.82309  4.54544  0.61958  0.77255  0.48576  0.95510
     70   2.33759  4.33291  2.95819  2.69018  4.11364  2.87946  3.87989  3.58069  2.72587  3.23136  4.07732  2.92404  3.68198  3.11066  2.92058  1.50345  2.75051  3.13364  5.42462  4.13672     70 s - - -
          2.68618  4.42225  2.77519  2.73123  3.46354  2.40513  3.72494  3.29354  2.67741  2.69355  4.24690  2.90347  2.73739  3.18146  2.89801  2.37887  2.77519  2.98518  4.58477  3.61503
          0.03301  3.82309  4.54544  0.61958  0.77255  0.48576  0.95510
     71   2.75571  4.70571  3.35823  2.75440  3.74007  3.50452  3.61271  3.37521  2.13608  2.94472  3.86205  3.15512  3.91370  2.83512  1.58641  2.75776  2.98235  3.10883  4.36640  3.69856     71 r - - -
          2.68618  4.42225  2.77519  2.73123  3.46354  2.40513  3.72494  3.29354  2.67741  2.69355  4.24690  2.90347  2.73739  3.18146  2.89801  2.37887  2.77519  2.98518  4.58477  3.61503
          0.03301  3.82309  4.54544  0.61958  0.77255  0.48576  0.95510
     72   2.70944  4.78147  3.06652  2.55315  3.80820  3.45134  2.37160  3.45514  2.19707  3.02700  3.89515  3.01768  3.68659  2.77930  2.18413  2.75498  2.93122  3.16046  5.09447  3.58347     72 r - - -
          2.68618  4.42225  2.77519  2.73123  3.46354  2.40513  3.72494  3.29354  2.67741  2.69355  4.24690  2.90347  2.73739  3.18146  2.89801  2.37887  2.77519  2.98518  4.58477  3.61503
          0.03301  3.82309  4.54544  0.61958  0.77255  0.48576  0.95510
     73   2.78710  4.95387  3.03848  2.46910  4.28069  3.46666  3.41857  3.68326  2.03048  3.20497  4.05006  2.99119  3.67491  2.36006  1.77879  2.79509  2.99138  3.36096  5.33847  4.08053     73 r - - -
          2.68618  4.42225  2.77519  2.73123  3.46354  2.40513  3.72494  3.29354  2.67741  2.69355  4.24690  2.90347  2.73739  3.18146  2.89801  2.37887  2.77519  2.98518  4.58477  3.61503
          0.03301  3.82309  4.54544  0.61958  0.77255  0.48576  0.95510
     74   2.60611  4.38535  3.26966  3.16335  4.30452  0.80955  4.28577  3.89294  3.33779  3.55309  4.52918  3.43420  3.77489  3.66602  3.57839  2.77678  3.08354  3.43088  5.41182  4.40507     74 g - - -
          2.68618  4.42225  2.77519  2.73123  3.46354  2.40513  3.72494  3.29354  2.67741  2.69355  4.24690  2.90347  2.73739  3.18146  2.89801  2.37887  2.77519  2.98518  4.58477  3.61503
          0.03301  3.82309  4.54544  0.61958  0.77255  0.48576  0.95510
     75   2.86185  4.89803  3.22709  2.68791  4.00371  3.50920  2.94666  3.65761  2.02062  3.16879  4.06442  3.10726  3.92508  2.77547  1.51610  2.89580  3.07224  3.36024  5.17067  3.85986     75 r - - -
          2.68618  4.42225  2.77519  2.73123  3.46354  2.40513  3.72494  3.29354  2.67741  2.69355  4.24690  2.90347  2.73739  3.18146  2.89801  2.37887  2.77519  2.98518  4.58477  3.61503
          0.03301  3.82309  4.54544  0.61958  0.77255  0.48576  0.95510
     76   2.39912  4.30975  3.11793  2.90125  4.03996  3.04023  4.03926  3.40121  2.93215  3.10680  4.09049  3.20167  1.44950  3.32065  3.23110  2.55817  2.67882  3.03253  5.40130  4.15920     76 p - - -
          2.68618  4.42225  2.77519  2.73123  3.46354  2.40513  3.72494  3.29354  2.67741  2.69355  4.24690  2.90347  2.73739  3.18146  2.89801  2.37887  2.77519  2.98518  4.58477  3.61503
          0.03301  3.82309  4.54544  0.61958  0.77255  0.48576  0.95510
     77   2.53308  1.04641  4.03924  3.76834  3.77195  3.16563  4.42639  2.90847  3.59526  2.82577  3.94583  3.76852  3.86866  3.94349  3.72807  2.80447  2.99582  2.65618  5.19753  4.05973     77 c - - -
          2.68618  4.42225  2.77519  2.73123  3.46354  2.40513  3.72494  3.29354  2.67741  2.69355  4.24690  2.90347  2.73739  3.18146  2.89801  2.37887  2.77519  2.98518  4.58477  3.61503
          0.03301  3.82309  4.54544  0.61958  0.77255  0.48576  0.95510
     78   3.10076  4.57821  4.10974  3.75035  3.11854  3.91856  4.42161  2.32108  3.51854  0.93854  3.15871  4.03050  4.36308  3.89873  3.70230  3.48507  3.39764  2.34540  4.97892  3.69053     78 l - - -
          2.68618  4.42225  2.77519  2.73123  3.46354  2.40513  3.72494  3.29354  2.67741  2.69355  4.24690  2.90347  2.73739  3.18146  2.89801  2.37887  2.77519  2.98518  4.58477  3.61503
          0.03301  3.82309  4.54544  0.61958  0.77255  0.48576  0.95510
     79   2.68901  4.45353  3.29103  3.12370  4.12143  3.14388  4.20450  3.65499  3.17693  3.28688  4.33528  3.43492  0.92476  3.56726  3.42729  2.85518  3.12691  3.30591  5.32070  4.24174     79 p - - -
          2.68618  4.42225  2.77519  2.73123  3.46354  2.40513  3.72494  3.29354  2.67741  2.69355  4.24690  2.90347  2.73739  3.18146  2.89801  2.37887  2.77519  2.98518  4.58477  3.61503
          0.03301  3.82309  4.54544  0.61958  0.77255  0.48576  0.95510
     80   2.91164  5.00994  2.46980  1.09779  4.35027  3.24351  3.82731  3.79439  2.70174  3.41994  4.39718  2.90779  3.84606  3.04467  3.10467  2.89972  3.21585  3.48373  5.53125  4.25460     80 e - - -
          2.68618  4.42225  2.77519  2.73123  3.46354  2.40513  3.72494  3.29354  2.67741  2.69355  4.24690  2.90347  2.73739  3.18146  2.89801  2.37887  2.77519  2.98518  4.58477  3.61503
          0.03301  3.82309  4.54544  0.61958  0.77255  0.48576  0.95510
     81   3.25641  4.64818  4.01747  3.71202  2.61972  3.67631  3.84225  3.27874  3.43562  2.68177  3.91474  3.87125  4.19017  3.82588  3.57238  3.46052  3.55453  3.16772  0.99109  2.62456     81 w - - -
          2.68618  4.42225  2.77519  2.73123  3.46354  2.40513  3.72494  3.29354  2.67741  2.69355  4.24690  2.90347  2.73739  3.18146  2.89801  2.37887  2.77519  2.98518  4.58477  3.61503
          0.03301  3.82309  4.54544  0.61958  0.77255  0.48576  0.95510
     82   2.93810  5.05611  0.99155  2.30741  4.42691  3.17464  3.88999  4.00418  2.96518  3.62177  4.59972  2.86090  3.82406  3.12974  3.47390  2.90672  3.27597  3.64896  5.60504  4.30918     82 d - - -
          2.68618  4.42225  2.77519  2.73123  3.46354  2.40513  3.72494  3.29354  2.67741  2.69355  4.24690  2.90347  2.73739  3.18146  2.89801  2.37887  2.77519  2.98518  4.58477  3.61503
          0.03301  3.82309  4.54544  0.61958  0.77255  0.48576  0.95510
     83   2.74945  4.74261  2.97355  2.58689  3.13280  3.46166  2.14370  3.39811  2.49030  2.96366  3.88501  2.75796  3.90321  2.93051  2.83975  2.80024  2.99071  3.12512  4.63808  2.81025     83 h - - -
          2.68618  4.42225  2.77519  2.73123  3.46354  2.40513  3.72494  3.29354  2.67741  2.69355  4.24690  2.90347  2.73739  3.18146  2.89801  2.37887  2.77519  2.98518  4.58477  3.61503
          0.03301  3.82309  4.54544  0.61958  0.77255  0.48576  0.95510
     84   2.99275  4.42646  4.26361  3.87831  3.34193  4.01162  4.61625  1.14130  3.70541  1.93921  3.28613  4.13063  4.44844  4.05938  3.90770  3.50294  3.29317  1.84737  5.22185  3.95522     84 i - - -
          2.68618  4.42225  2.77519  2.73123  3.46354  2.40513  3.72494  3.29354  2.67741  2.69355  4.24690  2.90347  2.73739  3.18146  2.89801  2.37887  2.77519  2.98518  4.58477  3.61503
          0.03301  3.82309  4.54544  0.61958  0.77255  0.48576  0.95510
     85   2.98179  4.44658  4.28834  3.79966  3.18448  4.07257  4.51882  2.02938  3.61715  1.26385  3.07781  4.07907  4.43871  3.92435  3.83519  3.45249  3.25645  1.72328  5.11627  3.88826     85 l - - -
          2.68618  4.42225  2.77519  2.73123  3.46354  2.40513  3.72494  3.29354  2.67741  2.69355  4.24690  2.90347  2.73739  3.18146  2.89801  2.37887  2.77519  2.98518  4.58477  3.61503
          0.03301  3.82309  4.54544  0.61958  0.77255  0.48576  0.95510
     86   2.53308  1.04641  4.03924  3.76834  3.77195  3.16563  4.42639  2.90847  3.59526  2.82577  3.94583  3.76852  3.86866  3.94349  3.72807  2.80447  2.99582  2.65618  5.19753  4.05973     86 c - - -
          2.68618  4.42225  2.77519  2.73123  3.46354  2.40513  3.72494  3.29354  2.67741  2.69355  4.24690  2.90347  2.73739  3.18146  2.89801  2.37887  2.77519  2.98518  4.58477  3.61503
          0.03301  3.82309  4.54544  0.61958  0.77255  0.48576  0.95510
     87   3.25641  4.64818  4.01747  3.71202  2.61972  3.67631  3.84225  3.27874  3.43562  2.68177  3.91474  3.87125  4.19017  3.82588  3.57238  3.46052  3.55453  3.16772  0.99109  2.62456     87 w - - -
          2.68618  4.42225  2.77519  2.73123  3.46354  2.40513  3.72494  3.29354  2.67741  2.69355  4.24690  2.90347  2.73739  3.18146  2.89801  2.37887  2.77519  2.98518  4.58477  3.61503
          0.03301  3.82309  4.54544  0.61958  0.77255  0.48576  0.95510
     88   2.68901  4.45353  3.29103  3.12370  4.12143  3.14388  4.20450  3.65499  3.17693  3.28688  4.33528  3.43492  0.92476  3.56726  3.42729  2.85518  3.12691  3.30591  5.32070  4.24174     88 p - - -
          2.68618  4.42225  2.77519  2.73123  3.46354  2.40513  3.72494  3.29354  2.67741  2.69355  4.24690  2.90347  2.73739  3.18146  2.89801  2.37887  2.77519  2.98518  4.58477  3.61503
          0.03301  3.82309  4.54544  0.61958  0.77255  0.48576  0.95510
     89   2.79258  4.42815  3.71806  3.32173  3.26928  3.63285  4.15111  2.48610  3.13454  1.23032  3.29187  3.63576  3.52017  3.53867  3.37902  3.07768  3.10007  2.42297  4.98965  3.71312     89 l - - -
          2.68618  4.42225  2.77519  2.73123  3.46354  2.40513  3.72494  3.29354  2.67741  2.69355  4.24690  2.90347  2.73739  3.18146  2.89801  2.37887  2.77519  2.98518  4.58477  3.61503
          0.03301  3.82309  4.54544  0.61958  0.77255  0.48576  0.95510
     90   2.60611  4.38535  3.26966  3.16335  4.30452  0.80955  4.28577  3.89294  3.33779  3.55309  4.52918  3.43420  3.77489  3.66602  3.57839  2.77678  3.08354  3.43088  5.41182  4.40507     90 g - - -
          2.68618  4.42225  2.77519  2.73123  3.46354  2.40513  3.72494  3.29354  2.67741  2.69355  4.24690  2.90347  2.73739  3.18146  2.89801  2.37887  2.77519  2.98518  4.58477  3.61503
          0.03301  3.82309  4.54544  0.61958  0.77255  0.48576  0.95510
     91   1.35081  4.18954  3.48269  3.14090  3.78916  3.11872  4.12117  2.81554  3.05206  2.70258  3.51896  3.35468  3.79053  3.42702  3.33360  2.56305  2.77670  2.55314  5.31660  4.05782     91 a - - -
          2.68618  4.42225  2.77519  2.73123  3.46354  2.40513  3.72494  3.29354  2.67741  2.69355  4.24690  2.90347  2.73739  3.18146  2.89801  2.37887  2.77519  2.98518  4.58477  3.61503
          0.03301  3.82309  4.54544  0.61958  0.77255  0.48576  0.95510
     92   2.30652  4.31681  3.12392  2.92051  4.05318  3.04085  4.06192  3.42949  2.97235  3.13157  4.12082  3.21958  1.38592  3.35176  3.26900  2.57640  2.86017  3.05825  5.40161  4.17356     92 p - - -
          2.68618  4.42225  2.77519  2.73123  3.46354  2.40513  3.72494  3.29354  2.67741  2.69355  4.24690  2.90347  2.73739  3.18146  2.89801  2.37887  2.77519  2.98518  4.58477  3.61503
          0.03301  3.82309  4.54544  0.61958  0.77255  0.48576  0.95510
     93   2.60611  4.38535  3.26966  3.16335  4.30452  0.80955  4.28577  3.89294  3.33779  3.55309  4.52918  3.43420  3.77489  3.66602  3.57839  2.77678  3.08354  3.43088  5.41182  4.40507     93 g - - -
          2.68618  4.42225  2.77519  2.73123  3.46354  2.40513  3.72494  3.29354  2.67741  2.69355  4.24690  2.90347  2.73739  3.18146  2.89801  2.37887  2.77519  2.98518  4.58477  3.61503
          0.03301  3.82309  4.54544  0.61958  0.77255  0.48576  0.95510
     94   2.91164  5.00994  2.46980  1.09779  4.35027  3.24351  3.82731  3.79439  2.70174  3.41994  4.39718  2.90779  3.84606  3.04467  3.10467  2.89972  3.21585  3.48373  5.53125  4.25460     94 e - - -
          2.68618  4.42225  2.77519  2.73123  3.46354  2.40513  3.72494  3.29354  2.67741  2.69355  4.24690  2.90347  2.73739  3.18146  2.89801  2.37887  2.77519  2.98518  4.58477  3.61503
          0.03301  3.82309  4.54544  0.61958  0.77255  0.48576  0.95510
     95   2.76935  4.32662  4.05614  3.71868  3.51505  3.67178  4.52926  2.05612  3.58567  2.21136  3.48868  3.91616  4.23572  3.94946  3.80275  3.17296  3.13254  1.08969  5.29082  4.01893     95 v - - -
          2.68618  4.42225  2.77519  2.73123  3.46354  2.40513  3.72494  3.29354  2.67741  2.69355  4.24690  2.90347  2.73739  3.18146  2.89801  2.37887  2.77519  2.98518  4.58477  3.61503
          0.03301  3.82309  4.54544  0.61958  0.77255  0.48576  0.95510
     96   2.76935  4.32662  4.05614  3.71868  3.51505  3.67178  4.52926  2.05612  3.58567  2.21136  3.48868  3.91616  4.23572  3.94946  3.80275  3.17296  3.13254  1.08969  5.29082  4.01893     96 v - - -
          2.68618  4.42225  2.77519  2.73123  3.46354  2.40513  3.72494  3.29354  2.67741  2.69355  4.24690  2.90347  2.73739  3.18146  2.89801  2.37887  2.77519  2.98518  4.58477  3.61503
          0.03301  3.82309  4.54544  0.61958  0.77255  0.48576  0.95510
     97   1.08739  4.16909  3.41378  3.20388  4.00442  2.99472  4.23158  3.12267  3.21888  3.00642  4.04453  3.36556  3.72937  3.56482  3.47223  2.52023  2.79422  2.78569  5.43656  4.23152     97 a - - -
          2.68618  4.42225  2.77519  2.73123  3.46354  2.40513  3.72494  3.29354  2.67741  2.69355  4.24690  2.90347  2.73739  3.18146  2.89801  2.37887  2.77519  2.98518  4.58477  3.61503
          0.03301  3.82309  4.54544  0.61958  0.77255  0.48576  0.95510
     98   2.67185  4.30087  4.12262  3.64277  3.45425  3.83336  4.45607  1.95899  3.49341  2.08043  3.07761  3.90066  4.29160  3.83125  3.74472  3.21259  3.08154  1.27539  5.25388  4.02791     98 v - - -
          2.68618  4.42225  2.77519  2.73123  3.46354  2.40513  3.72494  3.29354  2.67741  2.69355  4.24690  2.90347  2.73739  3.18146  2.89801  2.37887  2.77519  2.98518  4.58477  3.61503
          0.03301  3.82309  4.54544  0.61958  0.77255  0.48576  0.95510
     99   2.68901  4.45353  3.29103  3.12370  4.12143  3.14388  4.20450  3.65499  3.17693  3.28688  4.33528  3.43492  0.92476  3.56726  3.42729  2.85518  3.12691  3.30591  5.32070  4.24174     99 p - - -
          2.68618  4.42225  2.77519  2.73123  3.46354  2.40513  3.72494  3.29354  2.67741  2.69355  4.24690  2.90347  2.73739  3.18146  2.89801  2.37887  2.77519  2.98518  4.58477  3.61503
          0.03301  3.82309  4.54544  0.61958  0.77255  0.48576  0.95510
    100   2.53308  1.04641  4.03924  3.76834  3.77195  3.16563  4.42639  2.90847  3.59526  2.82577  3.94583  3.76852  3.86866  3.94349  3.72807  2.80447  2.99582  2.65618  5.19753  4.05973    100 c - - -
          2.68618  4.42225  2.77519  2.73123  3.46354  2.40513  3.72494  3.29354  2.67741  2.69355  4.24690  2.90347  2.73739  3.18146  2.89801  2.37887  2.77519  2.98518  4.58477  3.61503
          0.03301  3.82309  4.54544  0.61958  0.77255  0.48576  0.95510
    101   2.68901  4.45353  3.29103  3.12370  4.12143  3.14388  4.20450  3.65499  3.17693  3.28688  4.33528  3.43492  0.92476  3.56726  3.42729  2.85518  3.12691  3.30591  5.32070  4.24174    101 p - - -
          2.68618  4.42225  2.77519  2.73123  3.46354  2.40513  3.72494  3.29354  2.67741  2.69355  4.24690  2.90347  2.73739  3.18146  2.89801  2.37887  2.77519  2.98518  4.58477  3.61503
          0.03301  3.82309  4.54544  0.61958  0.77255  0.48576  0.95510
    102   2.87587  5.21990  1.21232  2.05596  4.54120  3.15095  3.76379  4.03621  2.80025  3.63547  4.54798  2.69737  3.78924  2.96048  3.35366  2.80186  3.18838  3.65996  5.75950  4.33553    102 d - - -
          2.68618  4.42225  2.77519  2.73123  3.46354  2.40513  3.72494  3.29354  2.67741  2.69355  4.24690  2.90347  2.73739  3.18146  2.89801  2.37887  2.77519  2.98518  4.58477  3.61503
          0.03301  3.82309  4.54544  0.61958  0.77255  0.48576  0.95510
    103   3.17754  4.68652  3.76609  3.48705  2.29739  3.77319  3.59823  3.19381  3.34599  2.66027  3.87424  3.66389  4.24862  3.66389  3.53947  3.31885  3.46423  3.06215  3.93896  1.05205    103 y - - -
          2.68618  4.42225  2.77519  2.73123  3.46354  2.40513  3.72494  3.29354  2.67741  2.69355  4.24690  2.90347  2.73739  3.18146  2.89801  2.37887  2.77519  2.98518  4.58477  3.61503
          0.03301  3.82309  4.54544  0.61958  0.77255  0.48576  0.95510
    104   2.99275  4.42646  4.26361  3.87831  3.34193  4.01162  4.61625  1.14130  3.70541  1.93921  3.28613  4.13063  4.44844  4.05938  3.90770  3.50294  3.29317  1.84737  5.22185  3.95522    104 i - - -
          2.68618  4.42225  2.77519  2.73123  3.46354  2.40513  3.72494  3.29354  2.67741  2.69355  4.24690  2.90347  2.73739  3.18146  2.89801  2.37887  2.77519  2.98518  4.58477  3.61503
          0.03301  3.82309  4.54544  0.61958  0.77255  0.48576  0.95510
    105   3.17754  4.68652  3.76609  3.48705  2.29739  3.77319  3.59823  3.19381  3.34599  2.66027  3.87424  3.66389  4.24862  3.66389  3.53947  3.31885  3.46423  3.06215  3.93896  1.05205    105 y - - -
          2.68618  4.42225  2.77519  2.73123  3.46354  2.40513  3.72494  3.29354  2.67741  2.69355  4.24690  2.90347  2.73739  3.18146  2.89801  2.37887  2.77519  2.98518  4.58477  3.61503
          0.03301  3.82309  4.54544  0.61958  0.77255  0.48576  0.95510
    106   2.93810  5.05611  0.99155  2.30741  4.42691  3.17464  3.88999  4.00418  2.96518  3.62177  4.59972  2.86090  3.82406  3.12974  3.47390  2.90672  3.27597  3.64896  5.60504  4.30918    106 d - - -
          2.68618  4.42225  2.77519  2.73123  3.46354  2.40513  3.72494  3.29354  2.67741  2.69355  4.24690  2.90347  2.73739  3.18146  2.89801  2.37887  2.77519  2.98518  4.58477  3.61503
          0.03301  3.82309  4.54544  0.61958  0.77255  0.48576  0.95510
    107   3.19689  4.61354  4.17071  3.87661  1.09617  3.89662  3.85769  2.72757  3.78507  2.10950  3.46566  3.96410  4.35698  3.96693  3.91698  3.46884  3.49834  2.71448  4.12294  2.49677    107 f - - -
          2.68618  4.42225  2.77519  2.73123  3.46354  2.40513  3.72494  3.29354  2.67741  2.69355  4.24690  2.90347  2.73739  3.18146  2.89801  2.37887  2.77519  2.98518  4.58477  3.61503
          0.03301  3.82309  4.54544  0.61958  0.77255  0.48576  0.95510
    108   2.68405  4.67742  2.68391  2.56489  4.03334  3.15205  3.88380  3.73399  2.78387  3.38678  4.34305  1.24861  3.80194  3.15725  3.13617  2.75364  3.06477  3.36120  5.34508  3.98583    108 n - - -
          2.68618  4.42225  2.77519  2.73123  3.46354  2.40513  3.72494  3.29354  2.67741  2.69355  4.24690  2.90347  2.73739  3.18146  2.89801  2.37887  2.77519  2.98518  4.58477  3.61503
          0.03301  3.82309  4.54544  0.61958  0.77255  0.48576  0.95510
    109   2.94374  4.76841  3.08025  2.83612  3.25222  3.40758  1.25108  3.63890  2.68062  3.13872  4.17855  3.24709  3.95787  3.20197  2.94885  3.01514  3.24581  3.37506  4.71779  3.20466    109 h - - -
          2.68618  4.42225  2.77519  2.73123  3.46354  2.40513  3.72494  3.29354  2.67741  2.69355  4.24690  2.90347  2.73739  3.18146  2.89801  2.37887  2.77519  2.98518  4.58477  3.61503
          0.03301  3.82309  4.54544  0.61958  0.77255  0.48576  0.95510
    110   2.92835  4.88824  3.10094  2.73289  4.26336  3.42212  3.73430  3.68975  1.10802  3.26612  4.23113  3.15921  3.92670  2.92925  2.42572  2.97411  3.18577  3.40064  5.33905  4.14505    110 k - - -
          2.68618  4.42225  2.77519  2.73123  3.46354  2.40513  3.72494  3.29354  2.67741  2.69355  4.24690  2.90347  2.73739  3.18146  2.89801  2.37887  2.77519  2.98518  4.58477  3.61503
          0.03301  3.82309  4.54544  0.61958  0.77255  0.48576  0.95510
    111   2.60611  4.38535  3.26966  3.16335  4.30452  0.80955  4.28577  3.89294  3.33779  3.55309  4.52918  3.43420  3.77489  3.66602  3.57839  2.77678  3.08354  3.43088  5.41182  4.40507    111 g - - -
          2.68618  4.42225  2.77519  2.73123  3.46354  2.40513  3.72494  3.29354  2.67741  2.69355  4.24690  2.90347  2.73739  3.18146  2.89801  2.37887  2.77519  2.98518  4.58477  3.61503
          0.03301  3.82309  4.54544  0.61958  0.77255  0.48576  0.95510
    112   2.94374  4.76841  3.08025  2.83612  3.25222  3.40758  1.25108  3.63890  2.68062  3.13872  4.17855  3.24709  3.95787  3.20197  2.94885  3.01514  3.24581  3.37506  4.71779  3.20466    112 h - - -
          2.68618  4.42225  2.77519  2.73123  3.46354  2.40513  3.72494  3.29354  2.67741  2.69355  4.24690  2.90347  2.73739  3.18146  2.89801  2.37887  2.77519  2.98518  4.58477  3.61503
          0.03301  3.82309  4.54544  0.61958  0.77255  0.48576  0.95510
    113   1.08739  4.16909  3.41378  3.20388  4.00442  2.99472  4.23158  3.12267  3.21888  3.00642  4.04453  3.36556  3.72937  3.56482  3.47223  2.52023  2.79422  2.78569  5.43656  4.23152    113 a - - -
          2.68618  4.42225  2.77519  2.73123  3.46354  2.40513  3.72494  3.29354  2.67741  2.69355  4.24690  2.90347  2.73739  3.18146  2.89801  2.37887  2.77519  2.98518  4.58477  3.61503
          0.03301  3.82309  4.54544  0.61958  0.77255  0.48576  0.95510
    114   3.17754  4.68652  3.76609  3.48705  2.29739  3.77319  3.59823  3.19381  3.34599  2.66027  3.87424  3.66389  4.24862  3.66389  3.53947  3.31885  3.46423  3.06215  3.93896  1.05205    114 y - - -
          2.68618  4.42225  2.77519  2.73123  3.46354  2.40513  3.72494  3.29354  2.67741  2.69355  4.24690  2.90347  2.73739  3.18146  2.89801  2.37887  2.77519  2.98518  4.58477  3.61503
          0.03301  3.82309  4.54544  0.61958  0.77255  0.48576  0.95510
    115   2.95142  4.79218  3.43721  2.95987  4.13428  3.44767  3.79138  3.67335  2.22167  3.19835  4.20072  3.32292  3.95347  3.01495  1.05665  3.03851  3.22129  3.39966  5.23789  4.07328    115 r - - -
          2.68618  4.42225  2.77519  2.73123  3.46354  2.40513  3.72494  3.29354  2.67741  2.69355  4.24690  2.90347  2.73739  3.18146  2.89801  2.37887  2.77519  2.98518  4.58477  3.61503
          0.03301  3.82309  4.54544  0.61958  0.77255  0.48576  0.95510
    116   2.95142  4.79218  3.43721  2.95987  4.13428  3.44767  3.79138  3.67335  2.22167  3.19835  4.20072  3.32292  3.95347  3.01495  1.05665  3.03851  3.22129  3.39966  5.23789  4.07328    116 r - - -
          2.68618  4.42225  2.77519  2.73123  3.46354  2.40513  3.72494  3.29354  2.67741  2.69355  4.24690  2.90347  2.73739  3.18146  2.89801  2.37887  2.77519  2.98518  4.58477  3.61503
          0.03301  3.82309  4.54544  0.61958  0.77255  0.48576  0.95510
    117   2.53308  1.04641  4.03924  3.76834  3.77195  3.16563  4.42639  2.90847  3.59526  2.82577  3.94583  3.76852  3.86866  3.94349  3.72807  2.80447  2.99582  2.65618  5.19753  4.05973    117 c - - -
          2.68618  4.42225  2.77519  2.73123  3.46354  2.40513  3.72494  3.29354  2.67741  2.69355  4.24690  2.90347  2.73739  3.18146  2.89801  2.37887  2.77519  2.98518  4.58477  3.61503
          0.03301  3.82309  4.54544  0.61958  0.77255  0.48576  0.95510
    118   2.93810  5.05611  0.99155  2.30741  4.42691  3.17464  3.88999  4.00418  2.96518  3.62177  4.59972  2.86090  3.82406  3.12974  3.47390  2.90672  3.27597  3.64896  5.60504  4.30918    118 d - - -
          2.68618  4.42225  2.77519  2.73123  3.46354  2.40513  3.72494  3.29354  2.67741  2.69355  4.24690  2.90347  2.73739  3.18146  2.89801  2.37887  2.77519  2.98518  4.58477  3.61503
          0.03301  3.82309  4.54544  0.61958  0.77255  0.48576  0.95510
    119   2.87141  4.89662  3.24250  2.70453  4.01431  3.51045  3.06745  3.66408  2.01579  3.17285  4.07348  3.11837  3.93009  2.78181  1.46740  2.90747  3.08316  3.36791  5.17481  3.87052    119 r - - -
          2.68618  4.42225  2.77519  2.73123  3.46354  2.40513  3.72494  3.29354  2.67741  2.69355  4.24690  2.90347  2.73739  3.18146  2.89801  2.37887  2.77519  2.98518  4.58477  3.61503
          0.03301  3.82309  4.54544  0.61958  0.77255  0.48576  0.95510
    120   2.68405  4.67742  2.68391  2.56489  4.03334  3.15205  3.88380  3.73399  2.78387  3.38678  4.34305  1.24861  3.80194  3.15725  3.13617  2.75364  3.06477  3.36120  5.34508  3.98583    120 n - - -
          2.68618  4.42225  2.77519  2.73123  3.46354  2.40513  3.72494  3.29354  2.67741  2.69355  4.24690  2.90347  2.73739  3.18146  2.89801  2.37887  2.77519  2.98518  4.58477  3.61503
          0.03301  3.82309  4.54544  0.61958  0.77255  0.48576  0.95510
    121   2.60611  4.38535  3.26966  3.16335  4.30452  0.80955  4.28577  3.89294  3.33779  3.55309  4.52918  3.43420  3.77489  3.66602  3.57839  2.77678  3.08354  3.43088  5.41182  4.40507    121 g - - -
          2.68618  4.42225  2.77519  2.73123  3.46354  2.40513  3.72494  3.29354  2.67741  2.69355  4.24690  2.90347  2.73739  3.18146  2.89801  2.37887  2.77519  2.98518  4.58477  3.61503
          0.03301  3.82309  4.54544  0.61958  0.77255  0.48576  0.95510
    122   2.22865  4.16790  3.16123  2.94931  4.08249  2.91386  4.06995  3.49032  3.00425  3.23701  4.14153  3.17424  3.64971  3.35512  3.30199  1.28405  2.59898  3.02928  5.46728  4.18239    122 s - - -
          2.68618  4.42225  2.77519  2.73123  3.46354  2.40513  3.72494  3.29354  2.67741  2.69355  4.24690  2.90347  2.73739  3.18146  2.89801  2.37887  2.77519  2.98518  4.58477  3.61503
          0.03301  3.82309  4.54544  0.61958  0.77255  0.48576  0.95510
    123   3.25641  4.64818  4.01747  3.71202  2.61972  3.67631  3.84225  3.27874  3.43562  2.68177  3.91474  3.87125  4.19017  3.82588  3.57238  3.46052  3.55453  3.16772  0.99109  2.62456    123 w - - -
          2.68618  4.42225  2.77519  2.73123  3.46354  2.40513  3.72494  3.29354  2.67741  2.69355  4.24690  2.90347  2.73739  3.18146  2.89801  2.37887  2.77519  2.98518  4.58477  3.61503
          0.03301  3.82309  4.54544  0.61958  0.77255  0.48576  0.95510
    124   2.91164  5.00994  2.46980  1.09779  4.35027  3.24351  3.82731  3.79439  2.70174  3.41994  4.39718  2.90779  3.84606  3.04467  3.10467  2.89972  3.21585  3.48373  5.53125  4.25460    124 e - - -
          2.68618  4.42225  2.77519  2.73123  3.46354  2.40513  3.72494  3.29354  2.67741  2.69355  4.24690  2.90347  2.73739  3.18146  2.89801  2.37887  2.77519  2.98518  4.58477  3.61503
          0.03301  3.82309  4.54544  0.61958  0.77255  0.48576  0.95510
    125   2.98810  4.45617  4.28437  3.79835  3.17122  4.07100  4.51450  2.04478  3.61120  1.23082  3.06769  4.07804  4.43793  3.92022  3.82769  3.45322  3.26340  1.77295  5.10717  3.87738    125 l - - -
          2.68618  4.42225  2.77519  2.73123  3.46354  2.40513  3.72494  3.29354  2.67741  2.69355  4.24690  2.90347  2.73739  3.18146  2.89801  2.37887  2.77519  2.98518  4.58477  3.61503
          0.03301  3.82309  4.54544  0.61958  0.77255  0.48576  0.95510
    126   2.57247  4.27087  3.99235  3.63412  3.57066  3.60657  4.48889  2.04301  3.51331  2.25317  3.49154  3.82830  4.18260  3.87021  3.74917  3.05622  3.04104  1.18602  5.34177  4.08168    126 v - - -
          2.68618  4.42225  2.77519  2.73123  3.46354  2.40513  3.72494  3.29354  2.67741  2.69355  4.24690  2.90347  2.73739  3.18146  2.89801  2.37887  2.77519  2.98518  4.58477  3.61503
          0.03301  3.82309  4.54544  0.61958  0.77255  0.48576  0.95510
    127   2.68901  4.45353  3.29103  3.12370  4.12143  3.14388  4.20450  3.65499  3.17693  3.28688  4.33528  3.43492  0.92476  3.56726  3.42729  2.85518  3.12691  3.30591  5.32070  4.24174    127 p - - -
          2.68618  4.42225  2.77519  2.73123  3.46354  2.40513  3.72494  3.29354  2.67741  2.69355  4.24690  2.90347  2.73739  3.18146  2.89801  2.37887  2.77519  2.98518  4.58477  3.61503
          0.03301  3.82309  4.54544  0.61958  0.77255  0.48576  0.95510
    128   2.60611  4.38535  3.26966  3.16335  4.30452  0.80955  4.28577  3.89294  3.33779  3.55309  4.52918  3.43420  3.77489  3.66602  3.57839  2.77678  3.08354  3.43088  5.41182  4.40507    128 g - - -
          2.68618  4.42225  2.77519  2.73123  3.46354  2.40513  3.72494  3.29354  2.67741  2.69355  4.24690  2.90347  2.73739  3.18146  2.89801  2.37887  2.77519  2.98518  4.58477  3.61503
          0.03301  3.82309  4.54544  0.61958  0.77255  0.48576  0.95510
    129   2.94374  4.76841  3.08025  2.83612  3.25222  3.40758  1.25108  3.63890  2.68062  3.13872  4.17855  3.24709  3.95787  3.20197  2.94885  3.01514  3.24581  3.37506  4.71779  3.20466    129 h - - -
          2.68618  4.42225  2.77519  2.73123  3.46354  2.40513  3.72494  3.29354  2.67741  2.69355  4.24690  2.90347  2.73739  3.18146  2.89801  2.37887  2.77519  2.98518  4.58477  3.61503
          0.03301  3.82309  4.54544  0.61958  0.77255  0.48576  0.95510
    130   2.68405  4.67742  2.68391  2.56489  4.03334  3.15205  3.88380  3.73399  2.78387  3.38678  4.34305  1.24861  3.80194  3.15725  3.13617  2.75364  3.06477  3.36120  5.34508  3.98583    130 n - - -
          2.68618  4.42225  2.77519  2.73123  3.46354  2.40513  3.72494  3.29354  2.67741  2.69355  4.24690  2.90347  2.73739  3.18146  2.89801  2.37887  2.77519  2.98518  4.58477  3.61503
          0.03301  3.82309  4.54544  0.61958  0.77255  0.48576  0.95510
    131   2.95142  4.79218  3.43721  2.95987  4.13428  3.44767  3.79138  3.67335  2.22167  3.19835  4.20072  3.32292  3.95347  3.01495  1.05665  3.03851  3.22129  3.39966  5.23789  4.07328    131 r - - -
          2.68618  4.42225  2.77519  2.73123  3.46354  2.40513  3.72494  3.29354  2.67741  2.69355  4.24690  2.90347  2.73739  3.18146  2.89801  2.37887  2.77519  2.98518  4.58477  3.61503
          0.03301  3.82309  4.54544  0.61958  0.77255  0.48576  0.95510
    132   2.38787  4.23252  3.38593  3.13678  3.92687  3.07313  4.15765  3.04805  3.07876  2.91325  3.96775  3.35343  3.77335  3.47631  3.33925  2.58869  1.25849  2.74831  5.36908  4.14378    132 t - - -
          2.68618  4.42225  2.77519  2.73123  3.46354  2.40513  3.72494  3.29354  2.67741  2.69355  4.24690  2.90347  2.73739  3.18146  2.89801  2.37887  2.77519  2.98518  4.58477  3.61503
          0.03301  3.82309  4.54544  0.61958  0.77255  0.48576  0.95510
    133   3.25641  4.64818  4.01747  3.71202  2.61972  3.67631  3.84225  3.27874  3.43562  2.68177  3.91474  3.87125  4.19017  3.82588  3.57238  3.46052  3.55453  3.16772  0.99109  2.62456    133 w - - -
          2.68618  4.42225  2.77519  2.73123  3.46354  2.40513  3.72494  3.29354  2.67741  2.69355  4.24690  2.90347  2.73739  3.18146  2.89801  2.37887  2.77519  2.98518  4.58477  3.61503
          0.03301  3.82309  4.54544  0.61958  0.77255  0.48576  0.95510
    134   1.08739  4.16909  3.41378  3.20388  4.00442  2.99472  4.23158  3.12267  3.21888  3.00642  4.04453  3.36556  3.72937  3.56482  3.47223  2.52023  2.79422  2.78569  5.43656  4.23152    134 a - - -
          2.68618  4.42225  2.77519  2.73123  3.46354  2.40513  3.72494  3.29354  2.67741  2.69355  4.24690  2.90347  2.73739  3.18146  2.89801  2.37887  2.77519  2.98518  4.58477  3.61503
          0.03301  3.82309  4.54544  0.61958  0.77255  0.48576  0.95510
    135   2.68405  4.67742  2.68391  2.56489  4.03334  3.15205  3.88380  3.73399  2.78387  3.38678  4.34305  1.24861  3.80194  3.15725  3.13617  2.75364  3.06477  3.36120  5.34508  3.98583    135 n - - -
          2.68618  4.42225  2.77519  2.73123  3.46354  2.40513  3.72494  3.29354  2.67741  2.69355  4.24690  2.90347  2.73739  3.18146  2.89801  2.37887  2.77519  2.98518  4.58477  3.61503
          0.03301  3.82309  4.54544  0.61958  0.77255  0.48576  0.95510
    136   3.17754  4.68652  3.76609  3.48705  2.29739  3.77319  3.59823  3.19381  3.34599  2.66027  3.87424  3.66389  4.24862  3.66389  3.53947  3.31885  3.46423  3.06215  3.93896  1.05205    136 y - - -
          2.68618  4.42225  2.77519  2.73123  3.46354  2.40513  3.72494  3.29354  2.67741  2.69355  4.24690  2.90347  2.73739  3.18146  2.89801  2.37887  2.77519  2.98518  4.58477  3.61503
          0.03301  3.82309  4.54544  0.61958  0.77255  0.48576  0.95510
    137   2.20427  4.14373  3.22181  2.95339  4.10106  2.91645  4.05225  3.44179  2.97916  3.19694  4.07549  3.17486  3.63968  3.32204  3.28837  1.44466  2.24209  2.98516  5.46972  4.21843    137 s - - -
          2.68618  4.42225  2.77519  2.73123  3.46354  2.40513  3.72494  3.29354  2.67741  2.69355  4.24690  2.90347  2.73739  3.18146  2.89801  2.37887  2.77519  2.98518  4.58477  3.61503
          0.03301  3.82309  4.54544  0.61958  0.77255  0.48576  0.95510
    138   2.91164  5.00994  2.46980  1.09779  4.35027  3.24351  3.82731  3.79439  2.70174  3.41994  4.39718  2.90779  3.84606  3.04467  3.10467  2.89972  3.21585  3.48373  5.53125  4.25460    138 e - - -
          2.68618  4.42225  2.77519  2.73123  3.46354  2.40513  3.72494  3.29354  2.67741  2.69355  4.24690  2.90347  2.73739  3.18146  2.89801  2.37887  2.77519  2.98518  4.58477  3.61503
          0.03301  3.82309  4.54544  0.61958  0.77255  0.48576  0.95510
    139   2.53308  1.04641  4.03924  3.76834  3.77195  3.16563  4.42639  2.90847  3.59526  2.82577  3.94583  3.76852  3.86866  3.94349  3.72807  2.80447  2.99582  2.65618  5.19753  4.05973    139 c - - -
          2.68618  4.42225  2.77519  2.73123  3.46354  2.40513  3.72494  3.29354  2.67741  2.69355  4.24690  2.90347  2.73739  3.18146  2.89801  2.37887  2.77519  2.98518  4.58477  3.61503
          0.03301  3.82309  4.54544  0.61958  0.77255  0.48576  0.95510
    140   2.96615  4.39425  4.33357  3.80697  2.97226  4.12896  4.47826  1.97367  3.68757  1.50720  3.08889  4.08793  4.45159  3.93661  3.91361  3.47012  3.21977  1.50101  5.04283  3.78281    140 v - - -
          2.68618  4.42225  2.77519  2.73123  3.46354  2.40513  3.72494  3.29354  2.67741  2.69355  4.24690  2.90347  2.73739  3.18146  2.89801  2.37887  2.77519  2.98518  4.58477  3.61503
          0.03301  3.82309  4.54544  0.61958  0.77255  0.48576  0.95510
    141   2.77247  4.84302  2.96626  2.59518  4.25621  3.36740  3.65759  3.65814  1.36367  3.25001  4.14904  3.03338  3.87029  2.83209  2.39994  2.66306  3.04024  3.33210  5.37435  4.10757    141 k - - -
          2.68618  4.42225  2.77519  2.73123  3.46354  2.40513  3.72494  3.29354  2.67741  2.69355  4.24690  2.90347  2.73739  3.18146  2.89801  2.37887  2.77519  2.98518  4.58477  3.61503
          0.03301  3.82309  4.54544  0.61958  0.77255  0.48576  0.95510
    142   3.21699  4.62410  4.19270  3.82710  1.23214  4.05226  3.63448  2.77847  3.70318  2.14110  3.45371  3.87978  4.42197  3.85541  3.85100  3.45198  3.47227  2.75364  3.87364  2.12396    142 f - - -
          2.68618  4.42225  2.77519  2.73123  3.46354  2.40513  3.72494  3.29354  2.67741  2.69355  4.24690  2.90347  2.73739  3.18146  2.89801  2.37887  2.77519  2.98518  4.58477  3.61503
          0.03301  3.82309  4.54544  0.61958  0.77255  0.48576  0.95510
    143   3.10430  4.54543  4.36381  3.83225  3.03627  4.21451  4.50962  2.14903  3.62100  1.09867  2.40164  4.14391  4.49279  3.90119  3.82284  3.56715  3.34439  2.21934  5.02896  3.85247    143 l - - -
          2.68618  4.42225  2.77519  2.73123  3.46354  2.40513  3.72494  3.29354  2.67741  2.69355  4.24690  2.90347  2.73739  3.18146  2.89801  2.37887  2.77519  2.98518  4.58477  3.61503
          0.03301  3.82309  4.54544  0.61958  0.77255  0.48576  0.95510
    144   2.25590  4.15838  3.28617  3.01514  3.99229  2.97774  4.07049  3.20875  2.98461  3.05404  3.98996  3.23074  3.68867  3.35945  3.27095  2.28928  1.45989  2.83087  5.40506  4.14974    144 t - - -
          2.68618  4.42225  2.77519  2.73123  3.46354  2.40513  3.72494  3.29354  2.67741  2.69355  4.24690  2.90347  2.73739  3.18146  2.89801  2.37887  2.77519  2.98518  4.58477  3.61503
          0.03301  3.82309  4.54544  0.61958  0.77255  0.48576  0.95510
    145   2.68405  4.67742  2.68391  2.56489  4.03334  3.15205  3.88380  3.73399  2.78387  3.38678  4.34305  1.24861  3.80194  3.15725  3.13617  2.75364  3.06477  3.36120  5.34508  3.98583    145 n - - -
          2.68618  4.42225  2.77519  2.73123  3.46354  2.40513  3.72494  3.29354  2.67741  2.69355  4.24690  2.90347  2.73739  3.18146  2.89801  2.37887  2.77519  2.98518  4.58477  3.61503
          0.03301  3.82309  4.54544  0.61958  0.77255  0.48576  0.95510
    146   2.91164  5.00994  2.46980  1.09779  4.35027  3.24351  3.82731  3.79439  2.70174  3.41994  4.39718  2.90779  3.84606  3.04467  3.10467  2.89972  3.21585  3.48373  5.53125  4.25460    146 e - - -
          2.68618  4.42225  2.77519  2.73123  3.46354  2.40513  3.72494  3.29354  2.67741  2.69355  4.24690  2.90347  2.73739  3.18146  2.89801  2.37887  2.77519  2.98518  4.58477  3.61503
          0.03301  3.82309  4.54544  0.61958  0.77255  0.48576  0.95510
    147   2.38787  4.23252  3.38593  3.13678  3.92687  3.07313  4.15765  3.04805  3.07876  2.91325  3.96775  3.35343  3.77335  3.47631  3.33925  2.58869  1.25849  2.74831  5.36908  4.14378    147 t - - -
          2.68618  4.42225  2.77519  2.73123  3.46354  2.40513  3.72494  3.29354  2.67741  2.69355  4.24690  2.90347  2.73739  3.18146  2.89801  2.37887  2.77519  2.98518  4.58477  3.61503
          0.03301  3.82309  4.54544  0.61958  0.77255  0.48576  0.95510
    148   2.88568  4.88338  3.27356  2.74406  4.03436  3.50442  3.29216  3.67418  2.02023  3.17915  4.09412  3.14537  3.93780  2.80497  1.37864  2.92880  3.10513  3.38035  5.18500  3.89598    148 r - - -
          2.68618  4.42225  2.77519  2.73123  3.46354  2.40513  3.72494  3.29354  2.67741  2.69355  4.24690  2.90347  2.73739  3.18146  2.89801  2.37887  2.77519  2.98518  4.58477  3.61503
          0.03301  3.82309  4.54544  0.61958  0.77255  0.48576  0.95510
    149   2.83848  5.17233  2.14145  1.29866  4.48055  3.19034  3.71857  3.93677  2.65391  3.52954  4.41756  2.72103  3.79164  2.90168  3.15029  2.77719  3.12859  3.57382  5.68412  4.28081    149 e - - -
          2.68618  4.42225  2.77519  2.73123  3.46354  2.40513  3.72494  3.29354  2.67741  2.69355  4.24690  2.90347  2.73739  3.18146  2.89801  2.37887  2.77519  2.98518  4.58477  3.61503
          0.03301  3.82309  4.54544  0.61958  0.77255  0.48576  0.95510
    150   2.95142  4.79218  3.43721  2.95987  4.13428  3.44767  3.79138  3.67335  2.22167  3.19835  4.20072  3.32292  3.95347  3.01495  1.05665  3.03851  3.22129  3.39966  5.23789  4.07328    150 r - - -
          2.68618  4.42225  2.77519  2.73123  3.46354  2.40513  3.72494  3.29354  2.67741  2.69355  4.24690  2.90347  2.73739  3.18146  2.89801  2.37887  2.77519  2.98518  4.58477  3.61503
          0.02234  3.81242        *  0.61958  0.77255  0.00000        *
//
