HMMER3/f [3.1b2 | February 2015]
NAME  pth2
LENG  104
ALPH  amino
RF    no
MM    no
CONS  yes
CS    no
MAP   yes
DATE  Mon Sep 12 14:44:55 2016
NSEQ  21
EFFN  0.453735
CKSUM 3098948319
STATS LOCAL MSV      -10.0240  0.71658
STATS LOCAL VITERBI  -10.3719  0.71658
STATS LOCAL FORWARD   -4.4859  0.71658
HMM          A        C        D        E        F        G        H        I        K        L        M        N        P        Q        R        S        T        V        W        Y   
            m->m     m->i     m->d     i->m     i->i     d->m     d->d
  COMPO   2.59141  3.50312  2.97498  2.70159  3.28146  2.80159  3.73718  2.83501  2.76260  2.47321  3.74254  2.96608  3.28979  3.11055  3.01632  2.74307  2.90156  2.66588  3.97533  3.35443
          2.68618  4.42225  2.77519  2.73123  3.46354  2.40513  3.72494  3.29354  2.67741  2.69355  4.24690  2.90347  2.73739  3.18146  2.89801  2.37887  2.77519  2.98518  4.58477  3.61503
          0.03257  3.83654  4.55888  0.61958  0.77255  0.00000        *
      1   2.80214  4.29679  4.08526  3.53866  3.27809  3.91249  4.29612  1.71422  3.40625  1.91146  2.43709  3.84236  4.27093  3.69825  3.65576  3.22990  2.68447  1.97583  5.04241  3.86167      1 i - - -
          2.68618  4.42225  2.77519  2.73123  3.46354  2.40513  3.72494  3.29354  2.67741  2.69355  4.24690  2.90347  2.73739  3.18146  2.89801  2.37887  2.77519  2.98518  4.58477  3.61503
          0.03257  3.83654  4.55888  0.61958  0.77255  0.48576  0.95510
      2   2.92249  5.02461  2.47425  1.07762  4.36651  3.25168  3.83613  3.81329  2.71221  3.43648  4.41271  2.91425  3.85474  3.05294  3.11686  2.90894  3.22666  3.50108  5.54490  4.26782      2 e - - -
          2.68618  4.42225  2.77519  2.73123  3.46354  2.40513  3.72494  3.29354  2.67741  2.69355  4.24690  2.90347  2.73739  3.18146  2.89801  2.37887  2.77519  2.98518  4.58477  3.61503
          0.03257  3.83654  4.55888  0.61958  0.77255  0.48576  0.95510
      3   2.84449  5.25261  2.01818  1.33385  4.55012  3.18300  3.70703  4.02170  2.66721  3.58792  4.45981  2.68599  3.78639  2.88258  3.19641  2.76606  3.13151  3.64151  5.74825  4.31345      3 e - - -
          2.68618  4.42225  2.77519  2.73123  3.46354  2.40513  3.72494  3.29354  2.67741  2.69355  4.24690  2.90347  2.73739  3.18146  2.89801  2.37887  2.77519  2.98518  4.58477  3.61503
          0.03257  3.83654  4.55888  0.61958  0.77255  0.48576  0.95510
      4   2.85344  4.83697  2.88044  2.63527  4.00059  3.34296  3.79304  3.62642  2.45871  3.13229  4.16180  3.09444  3.89631  1.29937  2.74333  2.90301  3.15074  3.35853  5.27930  3.97086      4 q - - -
          2.68618  4.42225  2.77519  2.73123  3.46354  2.40513  3.72494  3.29354  2.67741  2.69355  4.24690  2.90347  2.73739  3.18146  2.89801  2.37887  2.77519  2.98518  4.58477  3.61503
          0.03257  3.83654  4.55888  0.61958  0.77255  0.48576  0.95510
      5   3.00319  4.43266  4.28351  3.89840  3.35058  4.02681  4.63359  1.12357  3.72580  1.94463  3.29221  4.14882  4.46199  4.07814  3.92652  3.51911  3.30322  1.84655  5.23357  3.96838      5 i - - -
          2.68618  4.42225  2.77519  2.73123  3.46354  2.40513  3.72494  3.29354  2.67741  2.69355  4.24690  2.90347  2.73739  3.18146  2.89801  2.37887  2.77519  2.98518  4.58477  3.61503
          0.03257  3.83654  4.55888  0.61958  0.77255  0.48576  0.95510
      6   2.75449  4.32831  3.80518  3.32497  2.88509  3.71853  3.90012  2.43743  3.18936  2.22755  3.35984  3.60220  4.13490  3.50568  3.44495  3.05634  3.02008  1.72527  4.52827  2.26835      6 v - - -
          2.68618  4.42225  2.77519  2.73123  3.46354  2.40513  3.72494  3.29354  2.67741  2.69355  4.24690  2.90347  2.73739  3.18146  2.89801  2.37887  2.77519  2.98518  4.58477  3.61503
          0.03257  3.83654  4.55888  0.61958  0.77255  0.48576  0.95510
      7   3.11550  4.58875  4.13154  3.77181  3.12300  3.93601  4.43884  2.32579  3.53989  0.92076  3.15824  4.05070  4.37795  3.91683  3.72160  3.50353  3.41162  2.35368  4.98866  3.70349      7 l - - -
          2.68618  4.42225  2.77519  2.73123  3.46354  2.40513  3.72494  3.29354  2.67741  2.69355  4.24690  2.90347  2.73739  3.18146  2.89801  2.37887  2.77519  2.98518  4.58477  3.61503
          0.03257  3.83654  4.55888  0.61958  0.77255  0.48576  0.95510
      8   2.95734  4.40804  4.31062  3.81851  3.26185  4.07783  4.54882  1.95957  3.65060  1.46180  3.15012  4.09150  4.44892  3.95834  3.87418  3.45451  3.23281  1.47585  5.16951  3.93814      8 l - - -
          2.68618  4.42225  2.77519  2.73123  3.46354  2.40513  3.72494  3.29354  2.67741  2.69355  4.24690  2.90347  2.73739  3.18146  2.89801  2.37887  2.77519  2.98518  4.58477  3.61503
          0.03257  3.83654  4.55888  0.61958  0.77255  0.48576  0.95510
      9   2.99316  4.47406  4.13887  3.62009  2.74883  3.96836  4.02226  2.47052  3.36065  1.17157  3.10140  3.86290  4.30916  3.68421  3.55607  3.33268  3.23159  2.49085  3.61685  3.04091      9 l - - -
          2.68618  4.42225  2.77519  2.73123  3.46354  2.40513  3.72494  3.29354  2.67741  2.69355  4.24690  2.90347  2.73739  3.18146  2.89801  2.37887  2.77519  2.98518  4.58477  3.61503
          0.03257  3.83654  4.55888  0.61958  0.77255  0.48576  0.95510
     10   2.73380  5.06722  2.56887  1.96167  4.38793  3.34122  3.57876  3.81537  1.82239  3.33524  4.15356  2.83063  3.80162  2.71679  2.48830  2.70243  2.96398  3.45163  5.48658  4.14591     10 k - - -
          2.68618  4.42225  2.77519  2.73123  3.46354  2.40513  3.72494  3.29354  2.67741  2.69355  4.24690  2.90347  2.73739  3.18146  2.89801  2.37887  2.77519  2.98518  4.58477  3.61503
          0.03257  3.83654  4.55888  0.61958  0.77255  0.48576  0.95510
     11   1.06684  4.17512  3.42692  3.21720  4.01734  3.00048  4.24339  3.13755  3.23255  3.02074  4.05702  3.37565  3.73637  3.57715  3.48520  2.52597  2.80087  2.79821  5.44812  4.24450     11 a - - -
          2.68618  4.42225  2.77519  2.73123  3.46354  2.40513  3.72494  3.29354  2.67741  2.69355  4.24690  2.90347  2.73739  3.18146  2.89801  2.37887  2.77519  2.98518  4.58477  3.61503
          0.03257  3.83654  4.55888  0.61958  0.77255  0.48576  0.95510
     12   2.90726  4.97394  3.16708  2.67408  4.35856  3.49821  3.60988  3.75333  1.27209  3.26838  4.16679  3.09806  3.93275  2.76836  2.10043  2.92713  3.11935  3.44624  5.35863  4.14766     12 k - - -
          2.68618  4.42225  2.77519  2.73123  3.46354  2.40513  3.72494  3.29354  2.67741  2.69355  4.24690  2.90347  2.73739  3.18146  2.89801  2.37887  2.77519  2.98518  4.58477  3.61503
          0.03257  3.83654  4.55888  0.61958  0.77255  0.48576  0.95510
     13   2.72367  4.31700  3.72467  2.97995  3.49972  3.73647  4.16568  2.03674  3.13453  2.27950  3.40843  3.60831  4.16092  3.50415  3.43106  3.07613  2.99515  1.42798  5.14561  3.89987     13 v - - -
          2.68618  4.42225  2.77519  2.73123  3.46354  2.40513  3.72494  3.29354  2.67741  2.69355  4.24690  2.90347  2.73739  3.18146  2.89801  2.37887  2.77519  2.98518  4.58477  3.61503
          0.03257  3.83654  4.55888  0.61958  0.77255  0.48576  0.95510
     14   2.81637  4.94385  2.68681  2.35926  4.19203  3.33560  3.68658  3.68272  2.32615  3.22896  4.16343  2.93926  3.86107  1.55728  2.63981  2.82543  3.08155  3.37890  5.40044  4.07964     14 q - - -
          2.68618  4.42225  2.77519  2.73123  3.46354  2.40513  3.72494  3.29354  2.67741  2.69355  4.24690  2.90347  2.73739  3.18146  2.89801  2.37887  2.77519  2.98518  4.58477  3.61503
          0.03257  3.83654  4.55888  0.61958  0.77255  0.48576  0.95510
     15   2.54718  1.01636  4.05698  3.78886  3.78902  3.17722  4.44391  2.92746  3.61576  2.84431  3.96465  3.78545  3.88132  3.96339  3.74631  2.81866  3.01100  2.67434  5.21213  4.07680     15 c - - -
          2.68618  4.42225  2.77519  2.73123  3.46354  2.40513  3.72494  3.29354  2.67741  2.69355  4.24690  2.90347  2.73739  3.18146  2.89801  2.37887  2.77519  2.98518  4.58477  3.61503
          0.03257  3.83654  4.55888  0.61958  0.77255  0.48576  0.95510
     16   2.92249  5.02461  2.47425  1.07762  4.36651  3.25168  3.83613  3.81329  2.71221  3.43648  4.41271  2.91425  3.85474  3.05294  3.11686  2.90894  3.22666  3.50108  5.54490  4.26782     16 e - - -
          2.68618  4.42225  2.77519  2.73123  3.46354  2.40513  3.72494  3.29354  2.67741  2.69355  4.24690  2.90347  2.73739  3.18146  2.89801  2.37887  2.77519  2.98518  4.58477  3.61503
          0.03257  3.83654  4.55888  0.61958  0.77255  0.48576  0.95510
     17   2.89803  4.53190  3.66933  3.25893  3.17226  3.76047  4.07790  2.51971  2.98957  1.23359  3.21821  3.61294  4.18478  3.12010  3.23066  3.16750  3.16531  2.50770  4.92305  3.60919     17 l - - -
          2.68618  4.42225  2.77519  2.73123  3.46354  2.40513  3.72494  3.29354  2.67741  2.69355  4.24690  2.90347  2.73739  3.18146  2.89801  2.37887  2.77519  2.98518  4.58477  3.61503
          0.03257  3.83654  4.55888  0.61958  0.77255  0.48576  0.95510
     18   2.69459  4.68903  2.69016  2.57230  4.04701  3.16060  3.89358  3.75019  2.79457  3.40132  4.35722  1.22331  3.81097  3.16674  3.14761  2.76345  3.07555  3.37603  5.35713  3.99829     18 n - - -
          2.68618  4.42225  2.77519  2.73123  3.46354  2.40513  3.72494  3.29354  2.67741  2.69355  4.24690  2.90347  2.73739  3.18146  2.89801  2.37887  2.77519  2.98518  4.58477  3.61503
          0.03257  3.83654  4.55888  0.61958  0.77255  0.48576  0.95510
     19   2.97956  4.39240  4.42514  3.96592  3.36441  4.14386  4.70686  1.21620  3.80365  1.89700  3.23512  4.21257  4.52806  4.11977  4.01806  3.54691  3.26612  1.66394  5.30237  4.06221     19 i - - -
          2.68618  4.42225  2.77519  2.73123  3.46354  2.40513  3.72494  3.29354  2.67741  2.69355  4.24690  2.90347  2.73739  3.18146  2.89801  2.37887  2.77519  2.98518  4.58477  3.61503
          0.03257  3.83654  4.55888  0.61958  0.77255  0.48576  0.95510
     20   2.27497  4.17118  3.30506  3.03873  3.98516  2.99528  4.08853  3.17882  3.00095  3.03890  3.99194  3.25178  3.70632  3.38149  3.28255  2.35499  1.40997  2.81369  5.40831  4.15014     20 t - - -
          2.68618  4.42225  2.77519  2.73123  3.46354  2.40513  3.72494  3.29354  2.67741  2.69355  4.24690  2.90347  2.73739  3.18146  2.89801  2.37887  2.77519  2.98518  4.58477  3.61503
          0.03257  3.83654  4.55888  0.61958  0.77255  0.48576  0.95510
     21   1.53570  4.09332  3.47261  3.08189  3.93971  2.98616  4.06995  3.10745  3.04357  2.97148  3.86680  3.26852  3.67731  3.36019  3.35196  2.19656  2.37372  2.50814  5.35221  4.13622     21 a - - -
          2.68618  4.42225  2.77519  2.73123  3.46354  2.40513  3.72494  3.29354  2.67741  2.69355  4.24690  2.90347  2.73739  3.18146  2.89801  2.37887  2.77519  2.98518  4.58477  3.61503
          0.03257  3.83654  4.55888  0.61958  0.77255  0.48576  0.95510
     22   2.79611  4.98956  2.71887  2.28317  4.28216  3.36907  3.61936  3.72239  2.20995  3.25803  4.13238  2.90891  3.84983  1.74319  2.45051  2.79076  3.03308  3.39856  5.41874  4.11138     22 q - - -
          2.68618  4.42225  2.77519  2.73123  3.46354  2.40513  3.72494  3.29354  2.67741  2.69355  4.24690  2.90347  2.73739  3.18146  2.89801  2.37887  2.77519  2.98518  4.58477  3.61503
          0.03257  3.83654  4.55888  0.61958  0.77255  0.48576  0.95510
     23   2.75485  4.41349  3.66514  3.26031  3.30548  3.59685  4.11321  2.53221  3.08755  1.28538  3.32281  3.58251  3.31886  3.48787  3.34321  3.02618  3.06191  2.45252  4.99671  3.72440     23 l - - -
          2.68618  4.42225  2.77519  2.73123  3.46354  2.40513  3.72494  3.29354  2.67741  2.69355  4.24690  2.90347  2.73739  3.18146  2.89801  2.37887  2.77519  2.98518  4.58477  3.61503
          0.03257  3.83654  4.55888  0.61958  0.77255  0.48576  0.95510
     24   2.85344  4.83697  2.88044  2.63527  4.00059  3.34296  3.79304  3.62642  2.45871  3.13229  4.16180  3.09444  3.89631  1.29937  2.74333  2.90301  3.15074  3.35853  5.27930  3.97086     24 q - - -
          2.68618  4.42225  2.77519  2.73123  3.46354  2.40513  3.72494  3.29354  2.67741  2.69355  4.24690  2.90347  2.73739  3.18146  2.89801  2.37887  2.77519  2.98518  4.58477  3.61503
          0.03257  3.83654  4.55888  0.61958  0.77255  0.48576  0.95510
     25   2.76953  5.12119  2.19299  1.45150  4.47984  2.71510  3.69521  3.94199  2.62462  3.50796  4.35843  2.71223  3.77299  2.86734  3.13390  2.71852  3.05993  3.55590  5.68539  4.27251     25 e - - -
          2.68618  4.42225  2.77519  2.73123  3.46354  2.40513  3.72494  3.29354  2.67741  2.69355  4.24690  2.90347  2.73739  3.18146  2.89801  2.37887  2.77519  2.98518  4.58477  3.61503
          0.03257  3.83654  4.55888  0.61958  0.77255  0.48576  0.95510
     26   2.59986  4.60139  2.67952  2.29125  4.27706  1.38875  3.90781  3.72094  2.81336  3.37876  4.27610  2.99888  3.76740  3.14495  3.18967  2.68300  2.98511  3.32106  5.50701  4.26067     26 g - - -
          2.68618  4.42225  2.77519  2.73123  3.46354  2.40513  3.72494  3.29354  2.67741  2.69355  4.24690  2.90347  2.73739  3.18146  2.89801  2.37887  2.77519  2.98518  4.58477  3.61503
          0.03257  3.83654  4.55888  0.61958  0.77255  0.48576  0.95510
     27   2.80537  5.24231  2.00704  1.43874  4.56095  2.92339  3.68503  4.03983  2.64396  3.58309  4.42986  2.66964  3.77100  2.85236  3.18677  2.72833  3.09008  3.64289  5.75624  4.30923     27 e - - -
          2.68618  4.42225  2.77519  2.73123  3.46354  2.40513  3.72494  3.29354  2.67741  2.69355  4.24690  2.90347  2.73739  3.18146  2.89801  2.37887  2.77519  2.98518  4.58477  3.61503
          0.03257  3.83654  4.55888  0.61958  0.77255  0.48576  0.95510
     28   2.25092  4.20079  3.04297  2.89364  4.23254  1.36371  4.09923  3.71677  3.07595  3.41336  4.27700  3.14599  3.64381  3.38211  3.38895  2.18821  2.73607  3.18506  5.55576  4.30624     28 g - - -
          2.68618  4.42225  2.77519  2.73123  3.46354  2.40513  3.72494  3.29354  2.67741  2.69355  4.24690  2.90347  2.73739  3.18146  2.89801  2.37887  2.77519  2.98518  4.58477  3.61503
          0.03257  3.83654  4.55888  0.61958  0.77255  0.48576  0.95510
     29   2.72616  4.95921  2.18357  2.23768  4.31443  3.15693  3.74854  3.88235  2.69473  3.48564  4.36259  1.52963  3.77524  2.94927  3.17233  2.71235  3.05215  3.49201  5.58656  4.16785     29 n - - -
          2.68618  4.42225  2.77519  2.73123  3.46354  2.40513  3.72494  3.29354  2.67741  2.69355  4.24690  2.90347  2.73739  3.18146  2.89801  2.37887  2.77519  2.98518  4.58477  3.61503
          0.03257  3.83654  4.55888  0.61958  0.77255  0.48576  0.95510
     30   2.54718  1.01636  4.05698  3.78886  3.78902  3.17722  4.44391  2.92746  3.61576  2.84431  3.96465  3.78545  3.88132  3.96339  3.74631  2.81866  3.01100  2.67434  5.21213  4.07680     30 c - - -
          2.68618  4.42225  2.77519  2.73123  3.46354  2.40513  3.72494  3.29354  2.67741  2.69355  4.24690  2.90347  2.73739  3.18146  2.89801  2.37887  2.77519  2.98518  4.58477  3.61503
          0.03257  3.83654  4.55888  0.61958  0.77255  0.48576  0.95510
     31   3.05278  4.47473  4.25450  3.77042  1.55334  4.06457  3.85617  2.24437  3.63955  1.90150  3.19781  3.91521  4.38562  3.81316  3.81369  3.39451  3.28869  2.44497  4.17628  2.49686     31 f - - -
          2.68618  4.42225  2.77519  2.73123  3.46354  2.40513  3.72494  3.29354  2.67741  2.69355  4.24690  2.90347  2.73739  3.18146  2.89801  2.37887  2.77519  2.98518  4.58477  3.61503
          0.03257  3.83654  4.55888  0.61958  0.77255  0.48576  0.95510
     32   2.70561  4.46831  3.30900  3.14331  4.14057  3.15788  4.22329  3.67725  3.19763  3.30780  4.35651  3.45335  0.89722  3.58752  3.44677  2.87210  3.14447  3.32667  5.33647  4.26093     32 p - - -
          2.68618  4.42225  2.77519  2.73123  3.46354  2.40513  3.72494  3.29354  2.67741  2.69355  4.24690  2.90347  2.73739  3.18146  2.89801  2.37887  2.77519  2.98518  4.58477  3.61503
          0.03257  3.83654  4.55888  0.61958  0.77255  0.48576  0.95510
     33   2.92249  5.02461  2.47425  1.07762  4.36651  3.25168  3.83613  3.81329  2.71221  3.43648  4.41271  2.91425  3.85474  3.05294  3.11686  2.90894  3.22666  3.50108  5.54490  4.26782     33 e - - -
          2.68618  4.42225  2.77519  2.73123  3.46354  2.40513  3.72494  3.29354  2.67741  2.69355  4.24690  2.90347  2.73739  3.18146  2.89801  2.37887  2.77519  2.98518  4.58477  3.61503
          0.03257  3.83654  4.55888  0.61958  0.77255  0.48576  0.95510
     34   3.27758  4.66476  4.03729  3.73490  2.63185  3.69077  3.85750  3.30015  3.45808  2.70101  3.93556  3.89133  4.20565  3.84761  3.59259  3.48158  3.57629  3.18950  0.96100  2.63592     34 w - - -
          2.68618  4.42225  2.77519  2.73123  3.46354  2.40513  3.72494  3.29354  2.67741  2.69355  4.24690  2.90347  2.73739  3.18146  2.89801  2.37887  2.77519  2.98518  4.58477  3.61503
          0.03257  3.83654  4.55888  0.61958  0.77255  0.48576  0.95510
     35   2.95194  5.07311  0.97099  2.31444  4.44555  3.18428  3.90085  4.02574  2.97841  3.64075  4.61862  2.86877  3.83460  3.14034  3.48928  2.91876  3.28995  3.66895  5.62109  4.32510     35 d - - -
          2.68618  4.42225  2.77519  2.73123  3.46354  2.40513  3.72494  3.29354  2.67741  2.69355  4.24690  2.90347  2.73739  3.18146  2.89801  2.37887  2.77519  2.98518  4.58477  3.61503
          0.03257  3.83654  4.55888  0.61958  0.77255  0.48576  0.95510
     36   2.62176  4.40010  3.28811  3.18328  4.32502  0.78678  4.30523  3.91639  3.35960  3.57492  4.55082  3.45256  3.79008  3.68670  3.59907  2.79274  3.10022  3.45170  5.42912  4.42590     36 g - - -
          2.68618  4.42225  2.77519  2.73123  3.46354  2.40513  3.72494  3.29354  2.67741  2.69355  4.24690  2.90347  2.73739  3.18146  2.89801  2.37887  2.77519  2.98518  4.58477  3.61503
          0.03257  3.83654  4.55888  0.61958  0.77255  0.48576  0.95510
     37   3.11550  4.58875  4.13154  3.77181  3.12300  3.93601  4.43884  2.32579  3.53989  0.92076  3.15824  4.05070  4.37795  3.91683  3.72160  3.50353  3.41162  2.35368  4.98866  3.70349     37 l - - -
          2.68618  4.42225  2.77519  2.73123  3.46354  2.40513  3.72494  3.29354  2.67741  2.69355  4.24690  2.90347  2.73739  3.18146  2.89801  2.37887  2.77519  2.98518  4.58477  3.61503
          0.03257  3.83654  4.55888  0.61958  0.77255  0.48576  0.95510
     38   2.98068  4.38875  4.44033  3.97495  3.37105  4.15621  4.71703  1.22401  3.81714  1.89872  3.23470  4.22229  4.53490  4.12830  4.03249  3.55545  3.26527  1.63873  5.31105  4.07635     38 i - - -
          2.68618  4.42225  2.77519  2.73123  3.46354  2.40513  3.72494  3.29354  2.67741  2.69355  4.24690  2.90347  2.73739  3.18146  2.89801  2.37887  2.77519  2.98518  4.58477  3.61503
          0.03257  3.83654  4.55888  0.61958  0.77255  0.48576  0.95510
     39   2.54718  1.01636  4.05698  3.78886  3.78902  3.17722  4.44391  2.92746  3.61576  2.84431  3.96465  3.78545  3.88132  3.96339  3.74631  2.81866  3.01100  2.67434  5.21213  4.07680     39 c - - -
          2.68618  4.42225  2.77519  2.73123  3.46354  2.40513  3.72494  3.29354  2.67741  2.69355  4.24690  2.90347  2.73739  3.18146  2.89801  2.37887  2.77519  2.98518  4.58477  3.61503
          0.03257  3.83654  4.55888  0.61958  0.77255  0.48576  0.95510
     40   3.27758  4.66476  4.03729  3.73490  2.63185  3.69077  3.85750  3.30015  3.45808  2.70101  3.93556  3.89133  4.20565  3.84761  3.59259  3.48158  3.57629  3.18950  0.96100  2.63592     40 w - - -
          2.68618  4.42225  2.77519  2.73123  3.46354  2.40513  3.72494  3.29354  2.67741  2.69355  4.24690  2.90347  2.73739  3.18146  2.89801  2.37887  2.77519  2.98518  4.58477  3.61503
          0.03257  3.83654  4.55888  0.61958  0.77255  0.48576  0.95510
     41   2.70561  4.46831  3.30900  3.14331  4.14057  3.15788  4.22329  3.67725  3.19763  3.30780  4.35651  3.45335  0.89722  3.58752  3.44677  2.87210  3.14447  3.32667  5.33647  4.26093     41 p - - -
          2.68618  4.42225  2.77519  2.73123  3.46354  2.40513  3.72494  3.29354  2.67741  2.69355  4.24690  2.90347  2.73739  3.18146  2.89801  2.37887  2.77519  2.98518  4.58477  3.61503
          0.03257  3.83654  4.55888  0.61958  0.77255  0.48576  0.95510
     42   2.96594  4.80649  3.45303  2.97236  4.15198  3.46010  3.79996  3.69168  2.22539  3.21419  4.21585  3.33457  3.96492  3.02254  1.03476  3.05217  3.23467  3.41731  5.24992  4.08770     42 r - - -
          2.68618  4.42225  2.77519  2.73123  3.46354  2.40513  3.72494  3.29354  2.67741  2.69355  4.24690  2.90347  2.73739  3.18146  2.89801  2.37887  2.77519  2.98518  4.58477  3.61503
          0.03257  3.83654  4.55888  0.61958  0.77255  0.48576  0.95510
     43   2.62176  4.40010  3.28811  3.18328  4.32502  0.78678  4.30523  3.91639  3.35960  3.57492  4.55082  3.45256  3.79008  3.68670  3.59907  2.79274  3.10022  3.45170  5.42912  4.42590     43 g - - -
          2.68618  4.42225  2.77519  2.73123  3.46354  2.40513  3.72494  3.29354  2.67741  2.69355  4.24690  2.90347  2.73739  3.18146  2.89801  2.37887  2.77519  2.98518  4.58477  3.61503
          0.03257  3.83654  4.55888  0.61958  0.77255  0.48576  0.95510
     44   2.34155  4.21663  3.34989  2.91638  3.78917  3.14537  3.93111  2.74348  2.85072  2.81898  3.73753  3.21914  3.75297  3.20630  3.18310  2.08715  1.92065  2.68110  5.21179  3.96083     44 t - - -
          2.68618  4.42225  2.77519  2.73123  3.46354  2.40513  3.72494  3.29354  2.67741  2.69355  4.24690  2.90347  2.73739  3.18146  2.89801  2.37887  2.77519  2.98518  4.58477  3.61503
          0.03257  3.83654  4.55888  0.61958  0.77255  0.48576  0.95510
     45   2.43792  4.22971  3.71209  3.23477  3.51210  3.50623  4.11855  2.30840  3.12715  2.23002  3.43568  3.52846  3.48092  3.46805  3.41725  2.86626  2.88210  1.55360  5.11098  3.88017     45 v - - -
          2.68618  4.42225  2.77519  2.73123  3.46354  2.40513  3.72494  3.29354  2.67741  2.69355  4.24690  2.90347  2.73739  3.18146  2.89801  2.37887  2.77519  2.98518  4.58477  3.61503
          0.03257  3.83654  4.55888  0.61958  0.77255  0.48576  0.95510
     46   2.62176  4.40010  3.28811  3.18328  4.32502  0.78678  4.30523  3.91639  3.35960  3.57492  4.55082  3.45256  3.79008  3.68670  3.59907  2.79274  3.10022  3.45170  5.42912  4.42590     46 g - - -
          2.68618  4.42225  2.77519  2.73123  3.46354  2.40513  3.72494  3.29354  2.67741  2.69355  4.24690  2.90347  2.73739  3.18146  2.89801  2.37887  2.77519  2.98518  4.58477  3.61503
          0.03257  3.83654  4.55888  0.61958  0.77255  0.48576  0.95510
     47   2.87830  5.03595  3.03382  2.43181  4.41817  3.48913  3.57202  3.78653  1.40560  3.29061  4.15266  3.01707  3.90620  2.71666  2.11406  2.87471  3.07718  3.46502  5.39658  4.16688     47 k - - -
          2.68618  4.42225  2.77519  2.73123  3.46354  2.40513  3.72494  3.29354  2.67741  2.69355  4.24690  2.90347  2.73739  3.18146  2.89801  2.37887  2.77519  2.98518  4.58477  3.61503
          0.03257  3.83654  4.55888  0.61958  0.77255  0.48576  0.95510
     48   3.04019  4.43113  4.46761  3.91998  3.16419  4.24976  4.59571  1.50801  3.76504  1.59690  2.31709  4.20692  4.52239  4.00763  3.96535  3.58734  3.27920  1.94004  5.12270  3.97047     48 i - - -
          2.68618  4.42225  2.77519  2.73123  3.46354  2.40513  3.72494  3.29354  2.67741  2.69355  4.24690  2.90347  2.73739  3.18146  2.89801  2.37887  2.77519  2.98518  4.58477  3.61503
          0.03257  3.83654  4.55888  0.61958  0.77255  0.48576  0.95510
     49   2.55785  4.30955  3.47479  3.07271  3.40826  3.39193  3.97133  2.68371  2.93463  1.65420  3.50852  3.38492  3.93442  3.33258  3.21627  2.26013  2.89221  2.50200  4.98355  3.65794     49 l - - -
          2.68618  4.42225  2.77519  2.73123  3.46354  2.40513  3.72494  3.29354  2.67741  2.69355  4.24690  2.90347  2.73739  3.18146  2.89801  2.37887  2.77519  2.98518  4.58477  3.61503
          0.03257  3.83654  4.55888  0.61958  0.77255  0.48576  0.95510
     50   1.21278  4.11701  3.40602  3.16173  4.03493  2.95864  4.19823  3.09003  3.16208  3.00609  3.99890  3.31191  3.69685  3.50212  3.43168  2.43697  2.57251  2.73453  5.49113  4.26689     50 a - - -
          2.68618  4.42225  2.77519  2.73123  3.46354  2.40513  3.72494  3.29354  2.67741  2.69355  4.24690  2.90347  2.73739  3.18146  2.89801  2.37887  2.77519  2.98518  4.58477  3.61503
          0.03257  3.83654  4.55888  0.61958  0.77255  0.48576  0.95510
     51   2.77988  4.33303  4.07510  3.73768  3.52446  3.68612  4.54581  2.05405  3.60489  2.21814  3.49564  3.93311  4.24903  3.96754  3.82075  3.18784  3.14256  1.07152  5.30263  4.03176     51 v - - -
          2.68618  4.42225  2.77519  2.73123  3.46354  2.40513  3.72494  3.29354  2.67741  2.69355  4.24690  2.90347  2.73739  3.18146  2.89801  2.37887  2.77519  2.98518  4.58477  3.61503
          0.03257  3.83654  4.55888  0.61958  0.77255  0.48576  0.95510
     52   2.33624  4.28465  3.04825  2.83334  4.08321  2.99377  4.00097  3.54260  2.90503  3.23557  4.13916  3.13703  1.57278  3.27076  3.22303  2.26760  2.78167  3.10645  5.43094  4.15152     52 p - - -
          2.68618  4.42225  2.77519  2.73123  3.46354  2.40513  3.72494  3.29354  2.67741  2.69355  4.24690  2.90347  2.73739  3.18146  2.89801  2.37887  2.77519  2.98518  4.58477  3.61503
          0.03257  3.83654  4.55888  0.61958  0.77255  0.48576  0.95510
     53   2.54718  1.01636  4.05698  3.78886  3.78902  3.17722  4.44391  2.92746  3.61576  2.84431  3.96465  3.78545  3.88132  3.96339  3.74631  2.81866  3.01100  2.67434  5.21213  4.07680     53 c - - -
          2.68618  4.42225  2.77519  2.73123  3.46354  2.40513  3.72494  3.29354  2.67741  2.69355  4.24690  2.90347  2.73739  3.18146  2.89801  2.37887  2.77519  2.98518  4.58477  3.61503
          0.03257  3.83654  4.55888  0.61958  0.77255  0.48576  0.95510
     54   2.70561  4.46831  3.30900  3.14331  4.14057  3.15788  4.22329  3.67725  3.19763  3.30780  4.35651  3.45335  0.89722  3.58752  3.44677  2.87210  3.14447  3.32667  5.33647  4.26093     54 p - - -
          2.68618  4.42225  2.77519  2.73123  3.46354  2.40513  3.72494  3.29354  2.67741  2.69355  4.24690  2.90347  2.73739  3.18146  2.89801  2.37887  2.77519  2.98518  4.58477  3.61503
          0.03257  3.83654  4.55888  0.61958  0.77255  0.48576  0.95510
     55   2.49505  4.52109  2.85469  2.55464  3.93874  3.17613  3.32444  3.48683  2.58907  3.11302  3.97745  2.98954  2.03497  2.98332  2.95750  2.36188  2.83635  3.12251  5.27500  3.93105     55 p - - -
          2.68618  4.42225  2.77519  2.73123  3.46354  2.40513  3.72494  3.29354  2.67741  2.69355  4.24690  2.90347  2.73739  3.18146  2.89801  2.37887  2.77519  2.98518  4.58477  3.61503
          0.03257  3.83654  4.55888  0.61958  0.77255  0.48576  0.95510
     56   3.19624  4.69978  3.78565  3.50879  2.29572  3.78863  3.60338  3.21057  3.36735  2.67365  3.88949  3.67995  4.26357  3.68201  3.55821  3.33633  3.48290  3.07950  3.93793  1.02770     56 y - - -
          2.68618  4.42225  2.77519  2.73123  3.46354  2.40513  3.72494  3.29354  2.67741  2.69355  4.24690  2.90347  2.73739  3.18146  2.89801  2.37887  2.77519  2.98518  4.58477  3.61503
          0.03257  3.83654  4.55888  0.61958  0.77255  0.48576  0.95510
     57   2.98333  4.37044  4.49592  4.00936  3.40460  4.20497  4.75566  1.28425  3.87220  1.92180  3.24433  4.25938  4.56190  4.16476  4.09125  3.59071  3.25983  1.49606  5.34568  4.12901     57 i - - -
          2.68618  4.42225  2.77519  2.73123  3.46354  2.40513  3.72494  3.29354  2.67741  2.69355  4.24690  2.90347  2.73739  3.18146  2.89801  2.37887  2.77519  2.98518  4.58477  3.61503
          0.03257  3.83654  4.55888  0.61958  0.77255  0.48576  0.95510
     58   3.19624  4.69978  3.78565  3.50879  2.29572  3.78863  3.60338  3.21057  3.36735  2.67365  3.88949  3.67995  4.26357  3.68201  3.55821  3.33633  3.48290  3.07950  3.93793  1.02770     58 y - - -
          2.68618  4.42225  2.77519  2.73123  3.46354  2.40513  3.72494  3.29354  2.67741  2.69355  4.24690  2.90347  2.73739  3.18146  2.89801  2.37887  2.77519  2.98518  4.58477  3.61503
          0.03257  3.83654  4.55888  0.61958  0.77255  0.48576  0.95510
     59   2.95194  5.07311  0.97099  2.31444  4.44555  3.18428  3.90085  4.02574  2.97841  3.64075  4.61862  2.86877  3.83460  3.14034  3.48928  2.91876  3.28995  3.66895  5.62109  4.32510     59 d - - -
          2.68618  4.42225  2.77519  2.73123  3.46354  2.40513  3.72494  3.29354  2.67741  2.69355  4.24690  2.90347  2.73739  3.18146  2.89801  2.37887  2.77519  2.98518  4.58477  3.61503
          0.03257  3.83654  4.55888  0.61958  0.77255  0.48576  0.95510
     60   3.21346  4.62600  4.18929  3.89743  1.07243  3.91069  3.86270  2.74211  3.80548  2.12074  3.47795  3.97903  4.37047  3.98351  3.93406  3.48493  3.51478  2.73008  4.12333  2.49522     60 f - - -
          2.68618  4.42225  2.77519  2.73123  3.46354  2.40513  3.72494  3.29354  2.67741  2.69355  4.24690  2.90347  2.73739  3.18146  2.89801  2.37887  2.77519  2.98518  4.58477  3.61503
          0.03257  3.83654  4.55888  0.61958  0.77255  0.48576  0.95510
     61   2.69459  4.68903  2.69016  2.57230  4.04701  3.16060  3.89358  3.75019  2.79457  3.40132  4.35722  1.22331  3.81097  3.16674  3.14761  2.76345  3.07555  3.37603  5.35713  3.99829     61 n - - -
          2.68618  4.42225  2.77519  2.73123  3.46354  2.40513  3.72494  3.29354  2.67741  2.69355  4.24690  2.90347  2.73739  3.18146  2.89801  2.37887  2.77519  2.98518  4.58477  3.61503
          0.03257  3.83654  4.55888  0.61958  0.77255  0.48576  0.95510
     62   2.95727  4.78016  3.09227  2.84913  3.26081  3.41822  1.22061  3.65457  2.69322  3.15283  4.19341  3.25970  3.96906  3.21505  2.96082  3.02844  3.25964  3.39043  4.72625  3.21280     62 h - - -
          2.68618  4.42225  2.77519  2.73123  3.46354  2.40513  3.72494  3.29354  2.67741  2.69355  4.24690  2.90347  2.73739  3.18146  2.89801  2.37887  2.77519  2.98518  4.58477  3.61503
          0.03257  3.83654  4.55888  0.61958  0.77255  0.48576  0.95510
     63   2.87292  5.00071  3.12458  2.61089  4.39348  3.49766  3.57315  3.78279  1.39170  3.28486  4.14807  2.91986  3.91311  2.72032  2.04016  2.88015  3.07575  3.45897  5.37287  4.14788     63 k - - -
          2.68618  4.42225  2.77519  2.73123  3.46354  2.40513  3.72494  3.29354  2.67741  2.69355  4.24690  2.90347  2.73739  3.18146  2.89801  2.37887  2.77519  2.98518  4.58477  3.61503
          0.03257  3.83654  4.55888  0.61958  0.77255  0.48576  0.95510
     64   2.62176  4.40010  3.28811  3.18328  4.32502  0.78678  4.30523  3.91639  3.35960  3.57492  4.55082  3.45256  3.79008  3.68670  3.59907  2.79274  3.10022  3.45170  5.42912  4.42590     64 g - - -
          2.68618  4.42225  2.77519  2.73123  3.46354  2.40513  3.72494  3.29354  2.67741  2.69355  4.24690  2.90347  2.73739  3.18146  2.89801  2.37887  2.77519  2.98518  4.58477  3.61503
          0.03257  3.83654  4.55888  0.61958  0.77255  0.48576  0.95510
     65   2.86278  4.33136  4.20173  3.66883  3.36534  4.00454  4.44990  1.93758  3.52492  1.83787  2.98919  3.96536  4.37084  3.83615  3.77696  3.34276  2.99763  1.36146  5.18570  3.98385     65 v - - -
          2.68618  4.42225  2.77519  2.73123  3.46354  2.40513  3.72494  3.29354  2.67741  2.69355  4.24690  2.90347  2.73739  3.18146  2.89801  2.37887  2.77519  2.98518  4.58477  3.61503
          0.03257  3.83654  4.55888  0.61958  0.77255  0.48576  0.95510
     66   1.06684  4.17512  3.42692  3.21720  4.01734  3.00048  4.24339  3.13755  3.23255  3.02074  4.05702  3.37565  3.73637  3.57715  3.48520  2.52597  2.80087  2.79821  5.44812  4.24450     66 a - - -
          2.68618  4.42225  2.77519  2.73123  3.46354  2.40513  3.72494  3.29354  2.67741  2.69355  4.24690  2.90347  2.73739  3.18146  2.89801  2.37887  2.77519  2.98518  4.58477  3.61503
          0.03257  3.83654  4.55888  0.61958  0.77255  0.48576  0.95510
     67   3.06130  4.48834  4.21176  3.73083  1.52505  4.03746  3.72588  2.60927  3.59916  1.92833  3.28707  3.85177  4.36290  3.76643  3.77451  3.35950  3.29389  2.47221  4.02826  2.24455     67 f - - -
          2.68618  4.42225  2.77519  2.73123  3.46354  2.40513  3.72494  3.29354  2.67741  2.69355  4.24690  2.90347  2.73739  3.18146  2.89801  2.37887  2.77519  2.98518  4.58477  3.61503
          0.03257  3.83654  4.55888  0.61958  0.77255  0.48576  0.95510
     68   2.96594  4.80649  3.45303  2.97236  4.15198  3.46010  3.79996  3.69168  2.22539  3.21419  4.21585  3.33457  3.96492  3.02254  1.03476  3.05217  3.23467  3.41731  5.24992  4.08770     68 r - - -
          2.68618  4.42225  2.77519  2.73123  3.46354  2.40513  3.72494  3.29354  2.67741  2.69355  4.24690  2.90347  2.73739  3.18146  2.89801  2.37887  2.77519  2.98518  4.58477  3.61503
          0.03257  3.83654  4.55888  0.61958  0.77255  0.48576  0.95510
     69   2.75132  4.73738  3.13524  2.64059  3.33651  3.50328  2.15664  3.37463  2.32281  2.94116  3.85111  3.08481  3.90951  2.87175  2.41569  2.81254  2.97504  3.10654  4.77684  3.01686     69 h - - -
          2.68618  4.42225  2.77519  2.73123  3.46354  2.40513  3.72494  3.29354  2.67741  2.69355  4.24690  2.90347  2.73739  3.18146  2.89801  2.37887  2.77519  2.98518  4.58477  3.61503
          0.03257  3.83654  4.55888  0.61958  0.77255  0.48576  0.95510
     70   2.54718  1.01636  4.05698  3.78886  3.78902  3.17722  4.44391  2.92746  3.61576  2.84431  3.96465  3.78545  3.88132  3.96339  3.74631  2.81866  3.01100  2.67434  5.21213  4.07680     70 c - - -
          2.68618  4.42225  2.77519  2.73123  3.46354  2.40513  3.72494  3.29354  2.67741  2.69355  4.24690  2.90347  2.73739  3.18146  2.89801  2.37887  2.77519  2.98518  4.58477  3.61503
          0.03257  3.83654  4.55888  0.61958  0.77255  0.48576  0.95510
     71   2.46889  4.54544  2.67069  2.48569  4.18131  3.07076  3.82046  3.71435  2.69999  3.34830  4.20323  1.80759  3.71764  3.03596  3.09599  2.04125  2.85628  3.27655  5.48685  4.12674     71 n - - -
          2.68618  4.42225  2.77519  2.73123  3.46354  2.40513  3.72494  3.29354  2.67741  2.69355  4.24690  2.90347  2.73739  3.18146  2.89801  2.37887  2.77519  2.98518  4.58477  3.61503
          0.03257  3.83654  4.55888  0.61958  0.77255  0.48576  0.95510
     72   2.42529  4.32449  3.29444  2.78850  3.59756  3.35760  3.79886  2.68622  2.71234  2.33535  3.54769  3.18563  2.62368  3.07154  3.06927  2.49170  2.77537  2.60678  5.03550  3.77449     72 l - - -
          2.68618  4.42225  2.77519  2.73123  3.46354  2.40513  3.72494  3.29354  2.67741  2.69355  4.24690  2.90347  2.73739  3.18146  2.89801  2.37887  2.77519  2.98518  4.58477  3.61503
          0.03257  3.83654  4.55888  0.61958  0.77255  0.48576  0.95510
     73   2.69459  4.68903  2.69016  2.57230  4.04701  3.16060  3.89358  3.75019  2.79457  3.40132  4.35722  1.22331  3.81097  3.16674  3.14761  2.76345  3.07555  3.37603  5.35713  3.99829     73 n - - -
          2.68618  4.42225  2.77519  2.73123  3.46354  2.40513  3.72494  3.29354  2.67741  2.69355  4.24690  2.90347  2.73739  3.18146  2.89801  2.37887  2.77519  2.98518  4.58477  3.61503
          0.03257  3.83654  4.55888  0.61958  0.77255  0.48576  0.95510
     74   2.62176  4.40010  3.28811  3.18328  4.32502  0.78678  4.30523  3.91639  3.35960  3.57492  4.55082  3.45256  3.79008  3.68670  3.59907  2.79274  3.10022  3.45170  5.42912  4.42590     74 g - - -
          2.68618  4.42225  2.77519  2.73123  3.46354  2.40513  3.72494  3.29354  2.67741  2.69355  4.24690  2.90347  2.73739  3.18146  2.89801  2.37887  2.77519  2.98518  4.58477  3.61503
          0.03257  3.83654  4.55888  0.61958  0.77255  0.48576  0.95510
     75   2.39441  4.23922  3.39720  3.14822  3.93811  3.07951  4.16815  3.06091  3.09047  2.92565  3.97895  3.36297  3.78064  3.48724  3.35054  2.59534  1.23432  2.75972  5.37911  4.15491     75 t - - -
          2.68618  4.42225  2.77519  2.73123  3.46354  2.40513  3.72494  3.29354  2.67741  2.69355  4.24690  2.90347  2.73739  3.18146  2.89801  2.37887  2.77519  2.98518  4.58477  3.61503
          0.03257  3.83654  4.55888  0.61958  0.77255  0.48576  0.95510
     76   3.27758  4.66476  4.03729  3.73490  2.63185  3.69077  3.85750  3.30015  3.45808  2.70101  3.93556  3.89133  4.20565  3.84761  3.59259  3.48158  3.57629  3.18950  0.96100  2.63592     76 w - - -
          2.68618  4.42225  2.77519  2.73123  3.46354  2.40513  3.72494  3.29354  2.67741  2.69355  4.24690  2.90347  2.73739  3.18146  2.89801  2.37887  2.77519  2.98518  4.58477  3.61503
          0.03257  3.83654  4.55888  0.61958  0.77255  0.48576  0.95510
     77   2.67757  4.83492  1.53145  2.32496  4.13591  3.21335  3.76841  3.43079  2.71546  3.19043  4.13950  2.85060  3.79748  2.96785  3.19876  2.70280  2.99320  2.74912  5.49316  4.09322     77 d - - -
          2.68618  4.42225  2.77519  2.73123  3.46354  2.40513  3.72494  3.29354  2.67741  2.69355  4.24690  2.90347  2.73739  3.18146  2.89801  2.37887  2.77519  2.98518  4.58477  3.61503
          0.03257  3.83654  4.55888  0.61958  0.77255  0.48576  0.95510
     78   2.97594  4.46115  4.00940  3.55531  1.47010  3.89471  3.61925  2.77034  3.43253  2.21770  3.45450  3.70088  4.26593  3.64184  3.63470  3.03872  3.22113  2.65793  3.96109  2.20732     78 f - - -
          2.68618  4.42225  2.77519  2.73123  3.46354  2.40513  3.72494  3.29354  2.67741  2.69355  4.24690  2.90347  2.73739  3.18146  2.89801  2.37887  2.77519  2.98518  4.58477  3.61503
          0.03257  3.83654  4.55888  0.61958  0.77255  0.48576  0.95510
     79   2.92071  4.36946  4.28832  3.74687  3.23749  4.07185  4.47702  1.95322  3.60937  1.76635  2.21348  4.03700  4.40555  3.87848  3.83937  3.40658  3.17530  1.57509  5.11745  3.94631     79 v - - -
          2.68618  4.42225  2.77519  2.73123  3.46354  2.40513  3.72494  3.29354  2.67741  2.69355  4.24690  2.90347  2.73739  3.18146  2.89801  2.37887  2.77519  2.98518  4.58477  3.61503
          0.03257  3.83654  4.55888  0.61958  0.77255  0.48576  0.95510
     80   2.60920  4.75188  2.80646  2.40825  3.83143  3.37763  2.68180  3.39761  2.38148  2.99889  3.83980  2.91771  3.52282  2.48796  2.79847  2.64655  2.84201  3.09093  5.15004  3.27260     80 k - - -
          2.68618  4.42225  2.77519  2.73123  3.46354  2.40513  3.72494  3.29354  2.67741  2.69355  4.24690  2.90347  2.73739  3.18146  2.89801  2.37887  2.77519  2.98518  4.58477  3.61503
          0.03257  3.83654  4.55888  0.61958  0.77255  0.48576  0.95510
     81   2.36703  4.35492  3.03494  2.72051  4.09092  2.91109  3.86424  3.54298  2.66557  3.19312  4.04637  3.07302  3.70502  3.09085  2.71484  1.51519  2.76666  3.11766  5.39194  4.11451     81 s - - -
          2.68618  4.42225  2.77519  2.73123  3.46354  2.40513  3.72494  3.29354  2.67741  2.69355  4.24690  2.90347  2.73739  3.18146  2.89801  2.37887  2.77519  2.98518  4.58477  3.61503
          0.03257  3.83654  4.55888  0.61958  0.77255  0.48576  0.95510
     82   2.77292  4.38234  3.86363  3.42718  3.21503  3.70740  4.19309  2.31708  3.21613  1.30371  3.25128  3.70839  4.17857  3.60637  3.45509  2.94368  3.07937  2.18110  4.97378  3.65832     82 l - - -
          2.68618  4.42225  2.77519  2.73123  3.46354  2.40513  3.72494  3.29354  2.67741  2.69355  4.24690  2.90347  2.73739  3.18146  2.89801  2.37887  2.77519  2.98518  4.58477  3.61503
          0.03257  3.83654  4.55888  0.61958  0.77255  0.48576  0.95510
     83   2.69459  4.68903  2.69016  2.57230  4.04701  3.16060  3.89358  3.75019  2.79457  3.40132  4.35722  1.22331  3.81097  3.16674  3.14761  2.76345  3.07555  3.37603  5.35713  3.99829     83 n - - -
          2.68618  4.42225  2.77519  2.73123  3.46354  2.40513  3.72494  3.29354  2.67741  2.69355  4.24690  2.90347  2.73739  3.18146  2.89801  2.37887  2.77519  2.98518  4.58477  3.61503
          0.03257  3.83654  4.55888  0.61958  0.77255  0.48576  0.95510
     84   2.93079  5.02144  3.28708  2.69542  4.42801  3.55238  3.56917  3.79643  1.39942  3.28169  4.16030  3.11016  3.94625  2.71460  1.79591  2.94085  3.11768  3.48580  5.35878  4.16710     84 k - - -
          2.68618  4.42225  2.77519  2.73123  3.46354  2.40513  3.72494  3.29354  2.67741  2.69355  4.24690  2.90347  2.73739  3.18146  2.89801  2.37887  2.77519  2.98518  4.58477  3.61503
          0.03257  3.83654  4.55888  0.61958  0.77255  0.48576  0.95510
     85   2.39441  4.23922  3.39720  3.14822  3.93811  3.07951  4.16815  3.06091  3.09047  2.92565  3.97895  3.36297  3.78064  3.48724  3.35054  2.59534  1.23432  2.75972  5.37911  4.15491     85 t - - -
          2.68618  4.42225  2.77519  2.73123  3.46354  2.40513  3.72494  3.29354  2.67741  2.69355  4.24690  2.90347  2.73739  3.18146  2.89801  2.37887  2.77519  2.98518  4.58477  3.61503
          0.03257  3.83654  4.55888  0.61958  0.77255  0.48576  0.95510
     86   3.19121  4.60605  4.19387  3.77830  1.99091  3.98995  3.56680  2.96196  3.57956  2.34171  3.58184  3.82497  4.36695  3.78238  3.73138  3.39773  3.43949  2.88942  1.58573  2.14684     86 w - - -
          2.68618  4.42225  2.77519  2.73123  3.46354  2.40513  3.72494  3.29354  2.67741  2.69355  4.24690  2.90347  2.73739  3.18146  2.89801  2.37887  2.77519  2.98518  4.58477  3.61503
          0.03257  3.83654  4.55888  0.61958  0.77255  0.48576  0.95510
     87   1.39375  4.08453  3.41562  3.09496  4.02040  2.92880  4.11129  3.24409  3.08471  3.07871  3.97542  3.25670  3.65199  3.40369  3.38050  2.04450  2.64790  2.68538  5.42768  4.20009     87 a - - -
          2.68618  4.42225  2.77519  2.73123  3.46354  2.40513  3.72494  3.29354  2.67741  2.69355  4.24690  2.90347  2.73739  3.18146  2.89801  2.37887  2.77519  2.98518  4.58477  3.61503
          0.03257  3.83654  4.55888  0.61958  0.77255  0.48576  0.95510
     88   2.69459  4.68903  2.69016  2.57230  4.04701  3.16060  3.89358  3.75019  2.79457  3.40132  4.35722  1.22331  3.81097  3.16674  3.14761  2.76345  3.07555  3.37603  5.35713  3.99829     88 n - - -
          2.68618  4.42225  2.77519  2.73123  3.46354  2.40513  3.72494  3.29354  2.67741  2.69355  4.24690  2.90347  2.73739  3.18146  2.89801  2.37887  2.77519  2.98518  4.58477  3.61503
          0.03257  3.83654  4.55888  0.61958  0.77255  0.48576  0.95510
     89   3.19624  4.69978  3.78565  3.50879  2.29572  3.78863  3.60338  3.21057  3.36735  2.67365  3.88949  3.67995  4.26357  3.68201  3.55821  3.33633  3.48290  3.07950  3.93793  1.02770     89 y - - -
          2.68618  4.42225  2.77519  2.73123  3.46354  2.40513  3.72494  3.29354  2.67741  2.69355  4.24690  2.90347  2.73739  3.18146  2.89801  2.37887  2.77519  2.98518  4.58477  3.61503
          0.03257  3.83654  4.55888  0.61958  0.77255  0.48576  0.95510
     90   2.21495  4.15599  3.20248  2.96185  4.11775  2.91524  4.07264  3.48041  3.00198  3.23275  4.11954  3.18090  3.64701  3.34740  3.30553  1.32936  2.43870  3.01585  5.49066  4.22847     90 s - - -
          2.68618  4.42225  2.77519  2.73123  3.46354  2.40513  3.72494  3.29354  2.67741  2.69355  4.24690  2.90347  2.73739  3.18146  2.89801  2.37887  2.77519  2.98518  4.58477  3.61503
          0.03257  3.83654  4.55888  0.61958  0.77255  0.48576  0.95510
     91   2.83964  5.36380  1.67154  1.61787  4.63650  3.17046  3.67443  4.13839  2.64836  3.65207  4.49805  2.63457  3.77083  2.71979  3.21225  2.73870  3.11917  3.73032  5.82178  4.34012     91 e - - -
          2.68618  4.42225  2.77519  2.73123  3.46354  2.40513  3.72494  3.29354  2.67741  2.69355  4.24690  2.90347  2.73739  3.18146  2.89801  2.37887  2.77519  2.98518  4.58477  3.61503
          0.03257  3.83654  4.55888  0.61958  0.77255  0.48576  0.95510
     92   2.54718  1.01636  4.05698  3.78886  3.78902  3.17722  4.44391  2.92746  3.61576  2.84431  3.96465  3.78545  3.88132  3.96339  3.74631  2.81866  3.01100  2.67434  5.21213  4.07680     92 c - - -
          2.68618  4.42225  2.77519  2.73123  3.46354  2.40513  3.72494  3.29354  2.67741  2.69355  4.24690  2.90347  2.73739  3.18146  2.89801  2.37887  2.77519  2.98518  4.58477  3.61503
          0.03257  3.83654  4.55888  0.61958  0.77255  0.48576  0.95510
     93   3.11550  4.58875  4.13154  3.77181  3.12300  3.93601  4.43884  2.32579  3.53989  0.92076  3.15824  4.05070  4.37795  3.91683  3.72160  3.50353  3.41162  2.35368  4.98866  3.70349     93 l - - -
          2.68618  4.42225  2.77519  2.73123  3.46354  2.40513  3.72494  3.29354  2.67741  2.69355  4.24690  2.90347  2.73739  3.18146  2.89801  2.37887  2.77519  2.98518  4.58477  3.61503
          0.03257  3.83654  4.55888  0.61958  0.77255  0.48576  0.95510
     94   2.71966  4.82091  3.05762  2.55365  4.01493  3.43190  2.58527  3.55946  2.14502  3.11824  3.97438  3.01342  3.85642  2.76544  1.97096  2.55973  2.94890  3.24430  5.21753  3.89819     94 r - - -
          2.68618  4.42225  2.77519  2.73123  3.46354  2.40513  3.72494  3.29354  2.67741  2.69355  4.24690  2.90347  2.73739  3.18146  2.89801  2.37887  2.77519  2.98518  4.58477  3.61503
          0.03257  3.83654  4.55888  0.61958  0.77255  0.48576  0.95510
     95   2.84604  4.40127  3.81731  3.36824  1.59320  3.74818  3.62353  2.82715  3.27832  2.40811  3.49436  3.57306  4.15512  3.51735  3.51569  2.71014  3.10386  2.66881  4.05007  2.29104     95 f - - -
          2.68618  4.42225  2.77519  2.73123  3.46354  2.40513  3.72494  3.29354  2.67741  2.69355  4.24690  2.90347  2.73739  3.18146  2.89801  2.37887  2.77519  2.98518  4.58477  3.61503
          0.03257  3.83654  4.55888  0.61958  0.77255  0.48576  0.95510
     96   2.94261  4.49603  3.97944  3.45634  3.10033  3.95299  4.21152  2.33810  3.20032  1.19483  2.81427  3.79914  4.29134  3.36106  3.43921  3.28627  3.18427  2.36784  4.94554  3.71341     96 l - - -
          2.68618  4.42225  2.77519  2.73123  3.46354  2.40513  3.72494  3.29354  2.67741  2.69355  4.24690  2.90347  2.73739  3.18146  2.89801  2.37887  2.77519  2.98518  4.58477  3.61503
          0.03257  3.83654  4.55888  0.61958  0.77255  0.48576  0.95510
     97   2.79832  5.01822  2.95561  2.40999  4.35527  3.45535  3.41765  3.75441  1.91832  3.26190  4.09844  2.95886  3.86343  1.97309  2.19235  2.78974  3.00157  3.42046  5.38761  4.11959     97 k - - -
          2.68618  4.42225  2.77519  2.73123  3.46354  2.40513  3.72494  3.29354  2.67741  2.69355  4.24690  2.90347  2.73739  3.18146  2.89801  2.37887  2.77519  2.98518  4.58477  3.61503
          0.03257  3.83654  4.55888  0.61958  0.77255  0.48576  0.95510
     98   2.19547  4.28824  3.12702  2.90934  4.07584  3.02320  4.05508  3.41386  2.96335  3.13494  4.10062  3.20036  1.48049  3.33274  3.26886  2.53188  2.81674  3.02989  5.43580  4.19864     98 p - - -
          2.68618  4.42225  2.77519  2.73123  3.46354  2.40513  3.72494  3.29354  2.67741  2.69355  4.24690  2.90347  2.73739  3.18146  2.89801  2.37887  2.77519  2.98518  4.58477  3.61503
          0.03257  3.83654  4.55888  0.61958  0.77255  0.48576  0.95510
     99   2.86345  5.36671  1.57364  1.60202  4.65277  3.16093  3.69937  4.14880  2.70191  3.68180  4.54385  2.63800  3.77668  2.87009  3.27607  2.76105  3.15165  3.74441  5.84232  4.36479     99 d - - -
          2.68618  4.42225  2.77519  2.73123  3.46354  2.40513  3.72494  3.29354  2.67741  2.69355  4.24690  2.90347  2.73739  3.18146  2.89801  2.37887  2.77519  2.98518  4.58477  3.61503
          0.03257  3.83654  4.55888  0.61958  0.77255  0.48576  0.95510
    100   2.52637  4.21469  3.50824  2.95072  3.39885  3.38517  3.83009  2.08938  2.83267  2.42644  3.25628  3.31847  3.91099  3.17621  2.95774  2.65881  2.64211  2.30756  4.86904  3.64222    100 i - - -
          2.68618  4.42225  2.77519  2.73123  3.46354  2.40513  3.72494  3.29354  2.67741  2.69355  4.24690  2.90347  2.73739  3.18146  2.89801  2.37887  2.77519  2.98518  4.58477  3.61503
          0.03257  3.83654  4.55888  0.61958  0.77255  0.48576  0.95510
    101   2.51194  4.56843  2.88172  2.49467  3.92100  3.13848  3.38436  3.23345  2.51682  3.02136  3.86754  2.66363  3.76098  2.89068  2.91845  1.91127  2.80886  3.05410  5.23964  3.91419    101 s - - -
          2.68618  4.42225  2.77519  2.73123  3.46354  2.40513  3.72494  3.29354  2.67741  2.69355  4.24690  2.90347  2.73739  3.18146  2.89801  2.37887  2.77519  2.98518  4.58477  3.61503
          0.03257  3.83654  4.55888  0.61958  0.77255  0.48576  0.95510
    102   2.52680  4.29855  3.34438  2.78775  3.46115  3.47066  3.75151  2.42029  2.70954  2.40961  3.28911  3.20378  3.69865  2.88882  3.06637  2.38969  2.71665  2.49415  4.90279  3.65972    102 s - - -
          2.68618  4.42225  2.77519  2.73123  3.46354  2.40513  3.72494  3.29354  2.67741  2.69355  4.24690  2.90347  2.73739  3.18146  2.89801  2.37887  2.77519  2.98518  4.58477  3.61503
          0.03257  3.83654  4.55888  0.61958  0.77255  0.48576  0.95510
    103   2.61949  4.71157  2.76266  2.40370  4.14601  1.95946  3.69091  3.57035  2.40459  3.17124  4.02825  2.93636  3.79179  2.76554  2.50745  2.67245  2.91389  3.22373  5.37687  4.07815    103 g - - -
          2.68618  4.42225  2.77519  2.73123  3.46354  2.40513  3.72494  3.29354  2.67741  2.69355  4.24690  2.90347  2.73739  3.18146  2.89801  2.37887  2.77519  2.98518  4.58477  3.61503
          0.03257  3.83654  4.55888  0.61958  0.77255  0.48576  0.95510
    104   2.94011  4.90132  3.11365  2.74257  4.27952  3.43284  3.74077  3.70667  1.08857  3.27990  4.24381  3.16843  3.93617  2.93468  2.42687  2.98478  3.19634  3.41668  5.34938  4.15718    104 k - - -
          2.68618  4.42225  2.77519  2.73123  3.46354  2.40513  3.72494  3.29354  2.67741  2.69355  4.24690  2.90347  2.73739  3.18146  2.89801  2.37887  2.77519  2.98518  4.58477  3.61503
          0.02204  3.82601        *  0.61958  0.77255  0.00000        *
//
