HMMER3/b [3.0 | March 2010]
NAME  .\ramp2_o
LENG  113
ALPH  amino
RF    no
CS    no
MAP   yes
DATE  Fri Jan 29 12:20:47 2016
NSEQ  77
EFFN  0.709656
CKSUM 2449756843
STATS LOCAL MSV       -9.8351  0.71466
STATS LOCAL VITERBI  -10.6004  0.71466
STATS LOCAL FORWARD   -4.1769  0.71466
HMM          A        C        D        E        F        G        H        I        K        L        M        N        P        Q        R        S        T        V        W        Y   
            m->m     m->i     m->d     i->m     i->i     d->m     d->d
  COMPO   2.57696  3.50436  3.02185  2.67851  3.17093  3.36832  3.64661  2.69397  2.79411  2.37940  3.54343  3.13313  3.06719  3.14041  3.13510  2.69274  2.89731  2.57142  4.25083  3.40159
          2.68618  4.42225  2.77519  2.73123  3.46354  2.40513  3.72494  3.29354  2.67741  2.69355  4.24690  2.90347  2.73739  3.18146  2.89801  2.37887  2.77519  2.98518  4.58477  3.61503
          0.02710  4.01765  4.74000  0.61958  0.77255  0.00000        *
      1   2.40558  4.47138  3.14300  2.54318  3.64179  3.47032  3.62417  2.94820  2.55875  2.40256  3.45270  2.89575  3.85510  2.93560  2.96405  2.68172  2.50674  2.68371  5.02531  3.36313      1 - -
          2.68618  4.42225  2.77519  2.73123  3.46354  2.40513  3.72494  3.29354  2.67741  2.69355  4.24690  2.90347  2.73739  3.18146  2.89801  2.37887  2.77519  2.98518  4.58477  3.61503
          0.02710  4.01765  4.74000  0.61958  0.77255  0.48576  0.95510
      2   2.52470  4.49541  3.14138  2.61455  3.67132  3.33005  3.65338  2.59981  2.54724  2.52931  3.41473  2.61824  3.85123  2.82266  2.92944  2.56563  2.74423  2.79145  5.04599  3.72902      2 - -
          2.68618  4.42225  2.77519  2.73123  3.46354  2.40513  3.72494  3.29354  2.67741  2.69355  4.24690  2.90347  2.73739  3.18146  2.89801  2.37887  2.77519  2.98518  4.58477  3.61503
          0.02710  4.01765  4.74000  0.61958  0.77255  0.48576  0.95510
      3   2.29588  4.42677  3.23192  2.60364  3.61167  3.46402  3.54122  2.79465  2.65017  2.67137  3.54293  3.00930  3.65871  2.97953  3.04922  2.59901  2.46242  2.36931  5.00777  3.74534      3 - -
          2.68618  4.42225  2.77519  2.73123  3.46354  2.40513  3.72494  3.29354  2.67741  2.69355  4.24690  2.90347  2.73739  3.18146  2.89801  2.37887  2.77519  2.98518  4.58477  3.61503
          0.02710  4.01765  4.74000  0.61958  0.77255  0.48576  0.95510
      4   2.57619  4.77200  2.84943  2.31575  3.53946  3.40228  3.52701  3.42535  2.39182  2.82365  3.84359  2.81416  3.79414  2.25682  2.79590  2.58106  2.80732  2.97855  5.27209  3.81133      4 - -
          2.68618  4.42225  2.77519  2.73123  3.46354  2.40513  3.72494  3.29354  2.67741  2.69355  4.24690  2.90347  2.73739  3.18146  2.89801  2.37887  2.77519  2.98518  4.58477  3.61503
          0.02710  4.01765  4.74000  0.61958  0.77255  0.48576  0.95510
      5   2.56066  4.41229  3.16047  2.54693  3.35633  3.43545  3.55325  2.87104  2.48854  2.47490  3.51039  3.07270  3.49074  2.75092  2.94037  2.59546  2.70697  2.74512  5.03147  3.35675      5 - -
          2.68618  4.42225  2.77519  2.73123  3.46354  2.40513  3.72494  3.29354  2.67741  2.69355  4.24690  2.90347  2.73739  3.18146  2.89801  2.37887  2.77519  2.98518  4.58477  3.61503
          0.02710  4.01765  4.74000  0.61958  0.77255  0.48576  0.95510
      6   2.76158  0.68814  4.31165  4.08589  4.04621  3.35205  4.70126  3.21612  3.91433  3.12412  4.25088  4.03436  4.07026  4.25460  4.01226  3.03320  3.24073  2.95040  5.42939  4.33232      6 - -
          2.68618  4.42225  2.77519  2.73123  3.46354  2.40513  3.72494  3.29354  2.67741  2.69355  4.24690  2.90347  2.73739  3.18146  2.89801  2.37887  2.77519  2.98518  4.58477  3.61503
          0.02710  4.01765  4.74000  0.61958  0.77255  0.48576  0.95510
      7   2.67066  4.31753  3.59737  2.87151  3.05149  3.42688  3.76762  2.79691  2.89968  2.27427  3.41998  3.40084  4.01496  3.25268  3.18812  2.91216  2.90232  2.59143  2.17269  3.00382      7 - -
          2.68618  4.42225  2.77519  2.73123  3.46354  2.40513  3.72494  3.29354  2.67741  2.69355  4.24690  2.90347  2.73739  3.18146  2.89801  2.37887  2.77519  2.98518  4.58477  3.61503
          0.02710  4.01765  4.74000  0.61958  0.77255  0.48576  0.95510
      8   2.47387  4.95323  2.65614  2.19257  4.08154  3.36953  3.51141  3.69658  2.13531  3.06056  3.91420  2.78302  3.57417  2.56021  2.73380  2.48507  2.80997  3.31582  5.41724  3.94054      8 - -
          2.68618  4.42225  2.77519  2.73123  3.46354  2.40513  3.72494  3.29354  2.67741  2.69355  4.24690  2.90347  2.73739  3.18146  2.89801  2.37887  2.77519  2.98518  4.58477  3.61503
          0.02710  4.01765  4.74000  0.61958  0.77255  0.48576  0.95510
      9   2.53590  4.52093  2.88357  2.34111  3.62337  3.24256  3.36748  3.11223  2.46878  2.81254  3.73625  2.84825  3.81122  2.81243  2.84720  2.46465  2.71455  2.89569  5.18018  3.37660      9 - -
          2.68618  4.42225  2.77519  2.73123  3.46354  2.40513  3.72494  3.29354  2.67741  2.69355  4.24690  2.90347  2.73739  3.18146  2.89801  2.37887  2.77519  2.98518  4.58477  3.61503
          0.02710  4.01765  4.74000  0.61958  0.77255  0.48576  0.95510
     10   3.57363  4.84768  4.51477  4.16914  1.29572  4.33171  3.12257  3.40599  4.02242  2.77834  3.98083  3.99165  4.64433  4.03486  4.09509  3.67958  3.79131  3.28602  3.59628  1.20448     10 - -
          2.68618  4.42225  2.77519  2.73123  3.46354  2.40513  3.72494  3.29354  2.67741  2.69355  4.24690  2.90347  2.73739  3.18146  2.89801  2.37887  2.77519  2.98518  4.58477  3.61503
          0.02710  4.01765  4.74000  0.61958  0.77255  0.48576  0.95510
     11   2.62489  4.90482  2.91645  2.26826  4.18363  3.40335  3.35225  3.61004  1.88713  3.17285  3.97334  2.79704  3.60829  2.68962  2.72242  2.55342  2.79525  2.86929  5.37286  4.03101     11 - -
          2.68618  4.42225  2.77519  2.73123  3.46354  2.40513  3.72494  3.29354  2.67741  2.69355  4.24690  2.90347  2.73739  3.18146  2.89801  2.37887  2.77519  2.98518  4.58477  3.61503
          0.02710  4.01765  4.74000  0.61958  0.77255  0.48576  0.95510
     12   2.56790  4.92157  2.56628  2.13525  4.14169  3.31463  3.27307  3.51329  2.29845  3.17193  3.98111  2.78367  3.76905  2.69830  2.82292  2.39106  2.68099  3.16263  5.39457  3.83850     12 - -
          2.68618  4.42225  2.77519  2.73123  3.46354  2.40513  3.72494  3.29354  2.67741  2.69355  4.24690  2.90347  2.73739  3.18146  2.89801  2.37887  2.77519  2.98518  4.58477  3.61503
          0.02710  4.01765  4.74000  0.61958  0.77255  0.48576  0.95510
     13   2.50607  4.26492  3.21306  2.56627  3.53020  3.47516  3.36826  2.97047  2.62216  2.41430  3.44748  3.06351  3.66592  2.65181  3.01259  2.52056  2.70550  2.70620  4.57792  3.47030     13 - -
          2.68618  4.42225  2.77519  2.73123  3.46354  2.40513  3.72494  3.29354  2.67741  2.69355  4.24690  2.90347  2.73739  3.18146  2.89801  2.37887  2.77519  2.98518  4.58477  3.61503
          0.02710  4.01765  4.74000  0.61958  0.77255  0.48576  0.95510
     14   2.82327  3.83117  4.22890  3.72664  3.29900  3.79497  4.39457  2.36262  3.51896  1.94765  1.38404  3.93276  4.26728  3.83342  3.72288  3.19134  3.13584  2.29768  5.08120  3.87071     14 - -
          2.68618  4.42225  2.77519  2.73123  3.46354  2.40513  3.72494  3.29354  2.67741  2.69355  4.24690  2.90347  2.73739  3.18146  2.89801  2.37887  2.77519  2.98518  4.58477  3.61503
          0.02710  4.01765  4.74000  0.61958  0.77255  0.48576  0.95510
     15   2.48712  4.88341  2.34985  2.31965  3.79986  3.28452  3.58190  3.58898  2.18077  3.15628  3.73898  2.86984  3.77558  2.71168  2.64889  2.55945  2.81120  3.12772  5.36412  4.00497     15 - -
          2.68618  4.42225  2.77519  2.73123  3.46354  2.40513  3.72494  3.29354  2.67741  2.69355  4.24690  2.90347  2.73739  3.18146  2.89801  2.37887  2.77519  2.98518  4.58477  3.61503
          0.02710  4.01765  4.74000  0.61958  0.77255  0.48576  0.95510
     16   2.59314  4.82797  2.83379  2.38351  3.81629  3.37691  3.37308  3.51927  2.41281  3.08326  3.91831  2.41447  3.51290  2.67502  2.87699  2.11555  2.79674  3.18192  5.33510  3.98740     16 - -
          2.68618  4.42225  2.77519  2.73123  3.46354  2.40513  3.72494  3.29354  2.67741  2.69355  4.24690  2.90347  2.73739  3.18146  2.89801  2.37887  2.77519  2.98518  4.58477  3.61503
          0.02710  4.01765  4.74000  0.61958  0.77255  0.48576  0.95510
     17   2.69994  4.17182  4.09286  3.51563  3.03665  3.82237  4.13108  1.91432  3.40374  1.79813  3.11931  3.76826  3.84018  3.63992  3.40553  3.11284  2.93343  1.84275  4.82248  3.63515     17 - -
          2.68618  4.42225  2.77519  2.73123  3.46354  2.40513  3.72494  3.29354  2.67741  2.69355  4.24690  2.90347  2.73739  3.18146  2.89801  2.37887  2.77519  2.98518  4.58477  3.61503
          0.08228  4.01765  2.79704  0.61958  0.77255  0.48576  0.95510
     18   2.59909  4.89598  2.83154  2.05934  4.17667  3.36334  3.58686  3.60974  2.27154  3.10001  3.90724  2.63066  3.57721  2.69261  2.79050  2.39890  2.55423  3.25493  5.38058  4.02446     18 - -
          2.68615  4.42228  2.77523  2.73125  3.46357  2.40515  3.72498  3.29357  2.67741  2.69358  4.24637  2.90343  2.73742  3.18150  2.89794  2.37887  2.77518  2.98516  4.58480  3.61506
          0.30783  1.36359  4.68633  0.23529  1.56227  0.45359  1.00880
     19   2.53298  4.82794  2.84799  2.26122  3.85609  3.38944  3.59650  3.40994  1.99213  3.09684  3.90026  2.91043  3.62398  2.73684  2.84053  2.46312  2.59619  3.08812  5.32313  3.97774     20 - -
          2.68618  4.42225  2.77519  2.73123  3.46354  2.40513  3.72494  3.29354  2.67741  2.69355  4.24690  2.90347  2.73739  3.18146  2.89801  2.37887  2.77519  2.98518  4.58477  3.61503
          0.02710  4.01765  4.74000  0.61958  0.77255  0.48576  0.95510
     20   2.79381  5.27613  1.53618  1.98456  4.55306  3.28564  3.62359  4.04223  2.56825  3.55578  4.36291  2.75093  3.53469  2.63914  3.09983  2.72424  3.05159  3.63974  5.72484  3.96473     21 - -
          2.68618  4.42225  2.77519  2.73123  3.46354  2.40513  3.72494  3.29354  2.67741  2.69355  4.24690  2.90347  2.73739  3.18146  2.89801  2.37887  2.77519  2.98518  4.58477  3.61503
          0.02710  4.01765  4.74000  0.61958  0.77255  0.48576  0.95510
     21   3.00745  4.51339  4.04087  3.53175  2.45583  3.92390  3.37443  2.93541  3.25155  1.93681  3.54232  3.70967  4.28465  3.58897  3.45120  3.24665  3.23771  2.80005  1.78804  2.47445     22 - -
          2.68618  4.42225  2.77519  2.73123  3.46354  2.40513  3.72494  3.29354  2.67741  2.69355  4.24690  2.90347  2.73739  3.18146  2.89801  2.37887  2.77519  2.98518  4.58477  3.61503
          0.02710  4.01765  4.74000  0.61958  0.77255  0.48576  0.95510
     22   2.32830  1.14305  4.06167  3.76370  3.88944  3.08319  4.44629  3.08828  3.57651  3.01975  4.01145  3.65944  3.83609  3.90241  3.73533  2.41647  2.81926  2.74804  5.38223  4.14201     23 - -
          2.68618  4.42225  2.77519  2.73123  3.46354  2.40513  3.72494  3.29354  2.67741  2.69355  4.24690  2.90347  2.73739  3.18146  2.89801  2.37887  2.77519  2.98518  4.58477  3.61503
          0.02710  4.01765  4.74000  0.61958  0.77255  0.48576  0.95510
     23   2.66306  5.04624  2.03664  2.05078  4.33183  3.33418  3.62206  3.35611  2.43657  3.32967  4.12308  2.41643  3.79042  2.75418  2.93326  2.63726  2.90625  3.22406  5.52062  4.12638     24 - -
          2.68618  4.42225  2.77519  2.73123  3.46354  2.40513  3.72494  3.29354  2.67741  2.69355  4.24690  2.90347  2.73739  3.18146  2.89801  2.37887  2.77519  2.98518  4.58477  3.61503
          0.02710  4.01765  4.74000  0.61958  0.77255  0.48576  0.95510
     24   3.11367  4.66658  3.95800  3.59989  2.92605  3.71562  3.98185  3.34364  3.33879  2.84354  3.96532  3.81455  3.48121  3.75708  3.52732  3.31974  3.42427  3.16973  0.95121  2.94533     25 - -
          2.68618  4.42225  2.77519  2.73123  3.46354  2.40513  3.72494  3.29354  2.67741  2.69355  4.24690  2.90347  2.73739  3.18146  2.89801  2.37887  2.77519  2.98518  4.58477  3.61503
          0.02710  4.01765  4.74000  0.61958  0.77255  0.48576  0.95510
     25   2.23473  4.81486  2.82678  2.39605  4.08776  3.14578  3.60909  3.46291  2.18583  3.00269  3.90637  2.70530  3.78920  2.75317  2.78861  2.58024  2.54584  3.17166  5.32796  3.98633     26 - -
          2.68618  4.42225  2.77519  2.73123  3.46354  2.40513  3.72494  3.29354  2.67741  2.69355  4.24690  2.90347  2.73739  3.18146  2.89801  2.37887  2.77519  2.98518  4.58477  3.61503
          0.02710  4.01765  4.74000  0.61958  0.77255  0.48576  0.95510
     26   2.54540  4.21171  3.55969  2.98849  3.34058  3.56918  3.83371  2.55444  2.79650  2.16912  2.87291  3.22296  3.94658  3.03843  3.22663  2.75096  2.70845  2.12020  4.80784  3.58661     27 - -
          2.68618  4.42225  2.77519  2.73123  3.46354  2.40513  3.72494  3.29354  2.67741  2.69355  4.24690  2.90347  2.73739  3.18146  2.89801  2.37887  2.77519  2.98518  4.58477  3.61503
          0.02710  4.01765  4.74000  0.61958  0.77255  0.48576  0.95510
     27   3.13106  4.43680  4.83033  4.31927  3.51256  4.49408  5.01519  1.15980  4.20048  1.93179  3.31584  4.54947  4.77691  4.45094  4.39281  3.87276  3.38850  1.38348  5.49918  4.30836     28 - -
          2.68618  4.42225  2.77519  2.73123  3.46354  2.40513  3.72494  3.29354  2.67741  2.69355  4.24690  2.90347  2.73739  3.18146  2.89801  2.37887  2.77519  2.98518  4.58477  3.61503
          0.02710  4.01765  4.74000  0.61958  0.77255  0.48576  0.95510
     28   2.56830  4.68109  2.92437  2.52563  4.15855  3.03823  3.73801  3.57829  2.48605  3.18306  4.01144  2.99695  3.53801  2.76885  2.73673  1.62062  2.86942  3.21268  5.41019  4.10285     29 - -
          2.68618  4.42225  2.77519  2.73123  3.46354  2.40513  3.72494  3.29354  2.67741  2.69355  4.24690  2.90347  2.73739  3.18146  2.89801  2.37887  2.77519  2.98518  4.58477  3.61503
          0.02710  4.01765  4.74000  0.61958  0.77255  0.48576  0.95510
     29   2.77607  4.88679  3.20820  2.64889  4.28730  3.08263  3.65155  3.67209  2.06727  3.22430  3.94608  3.09457  3.91656  2.80392  1.49967  2.68767  3.00742  3.34268  5.38062  4.13343     30 - -
          2.68618  4.42225  2.77519  2.73123  3.46354  2.40513  3.72494  3.29354  2.67741  2.69355  4.24690  2.90347  2.73739  3.18146  2.89801  2.37887  2.77519  2.98518  4.58477  3.61503
          0.02710  4.01765  4.74000  0.61958  0.77255  0.48576  0.95510
     30   2.64761  4.53224  3.24094  2.71771  3.32023  3.51838  3.27876  3.08348  2.63647  2.48355  3.63303  3.16300  2.17381  3.00658  3.01127  2.77662  2.88456  2.84021  4.82844  3.14107     31 - -
          2.68618  4.42225  2.77519  2.73123  3.46354  2.40513  3.72494  3.29354  2.67741  2.69355  4.24690  2.90347  2.73739  3.18146  2.89801  2.37887  2.77519  2.98518  4.58477  3.61503
          0.02710  4.01765  4.74000  0.61958  0.77255  0.48576  0.95510
     31   3.46265  4.89262  4.05525  3.81374  2.31209  4.00136  3.69526  3.45225  3.66719  2.86820  4.11258  3.90627  4.47271  3.93805  3.82030  3.58412  3.75054  3.32992  3.96076  0.75475     32 - -
          2.68618  4.42225  2.77519  2.73123  3.46354  2.40513  3.72494  3.29354  2.67741  2.69355  4.24690  2.90347  2.73739  3.18146  2.89801  2.37887  2.77519  2.98518  4.58477  3.61503
          0.02710  4.01765  4.74000  0.61958  0.77255  0.48576  0.95510
     32   2.37737  4.35779  3.08508  2.89266  4.24764  3.03591  4.09918  3.79341  3.02537  3.46730  4.32173  2.90177  3.75740  3.36157  3.35921  1.08620  2.83861  3.28365  5.59335  4.27853     33 - -
          2.68618  4.42225  2.77519  2.73123  3.46354  2.40513  3.72494  3.29354  2.67741  2.69355  4.24690  2.90347  2.73739  3.18146  2.89801  2.37887  2.77519  2.98518  4.58477  3.61503
          0.02710  4.01765  4.74000  0.61958  0.77255  0.48576  0.95510
     33   2.46916  4.79836  2.51049  2.33377  3.77312  3.39262  3.49453  3.30318  2.38700  2.89251  3.86946  2.65519  3.78754  2.74802  2.86528  2.52809  2.59601  3.11159  5.29771  3.95652     34 - -
          2.68618  4.42225  2.77519  2.73123  3.46354  2.40513  3.72494  3.29354  2.67741  2.69355  4.24690  2.90347  2.73739  3.18146  2.89801  2.37887  2.77519  2.98518  4.58477  3.61503
          0.02710  4.01765  4.74000  0.61958  0.77255  0.48576  0.95510
     34   3.33157  4.69643  4.68712  4.19529  2.54605  4.44597  4.56621  2.28416  4.04202  0.84545  2.95383  4.42329  4.69045  4.18983  4.18071  3.83007  3.56778  2.40699  4.85785  3.50574     35 - -
          2.68618  4.42225  2.77519  2.73123  3.46354  2.40513  3.72494  3.29354  2.67741  2.69355  4.24690  2.90347  2.73739  3.18146  2.89801  2.37887  2.77519  2.98518  4.58477  3.61503
          0.02710  4.01765  4.74000  0.61958  0.77255  0.48576  0.95510
     35   2.69929  4.90911  3.03134  2.50370  4.26504  3.43860  3.62453  3.67401  2.22248  3.22399  4.04420  2.99317  3.85607  2.07973  2.09263  2.46634  2.65927  3.32778  5.39761  4.09965     36 - -
          2.68618  4.42225  2.77519  2.73123  3.46354  2.40513  3.72494  3.29354  2.67741  2.69355  4.24690  2.90347  2.73739  3.18146  2.89801  2.37887  2.77519  2.98518  4.58477  3.61503
          0.02710  4.01765  4.74000  0.61958  0.77255  0.48576  0.95510
     36   2.51017  4.87551  2.55556  2.20403  4.07652  3.38024  3.17241  3.57204  2.33660  2.83629  3.93997  2.71737  3.77947  2.72246  2.82275  2.59332  2.80093  3.22194  5.35710  3.40522     37 - -
          2.68618  4.42225  2.77519  2.73123  3.46354  2.40513  3.72494  3.29354  2.67741  2.69355  4.24690  2.90347  2.73739  3.18146  2.89801  2.37887  2.77519  2.98518  4.58477  3.61503
          0.02710  4.01765  4.74000  0.61958  0.77255  0.48576  0.95510
     37   2.76158  0.68814  4.31165  4.08589  4.04621  3.35205  4.70126  3.21612  3.91433  3.12412  4.25088  4.03436  4.07026  4.25460  4.01226  3.03320  3.24073  2.95040  5.42939  4.33232     38 - -
          2.68618  4.42225  2.77519  2.73123  3.46354  2.40513  3.72494  3.29354  2.67741  2.69355  4.24690  2.90347  2.73739  3.18146  2.89801  2.37887  2.77519  2.98518  4.58477  3.61503
          0.02710  4.01765  4.74000  0.61958  0.77255  0.48576  0.95510
     38   2.71558  4.29821  3.90061  3.37378  3.36096  3.73069  4.15244  2.24872  3.22345  1.41643  3.29606  3.67429  4.15186  3.55316  3.48358  2.89594  2.61755  2.22242  5.00258  3.78720     39 - -
          2.68618  4.42225  2.77519  2.73123  3.46354  2.40513  3.72494  3.29354  2.67741  2.69355  4.24690  2.90347  2.73739  3.18146  2.89801  2.37887  2.77519  2.98518  4.58477  3.61503
          0.02710  4.01765  4.74000  0.61958  0.77255  0.48576  0.95510
     39   3.08360  5.21795  2.55772  0.83529  4.58337  3.37230  3.97451  4.06642  2.87381  3.66118  4.63107  3.02412  3.98446  3.18858  3.29604  3.05256  3.38968  3.73613  5.72759  4.45258     40 - -
          2.68618  4.42225  2.77519  2.73123  3.46354  2.40513  3.72494  3.29354  2.67741  2.69355  4.24690  2.90347  2.73739  3.18146  2.89801  2.37887  2.77519  2.98518  4.58477  3.61503
          0.02710  4.01765  4.74000  0.61958  0.77255  0.48576  0.95510
     40   2.47818  4.83721  2.80857  2.24579  4.03277  3.20778  3.17366  3.38231  2.30901  3.06384  3.84287  2.81907  3.77952  2.61369  2.79609  2.56136  2.73521  3.12213  5.32606  3.41931     41 - -
          2.68618  4.42225  2.77519  2.73123  3.46354  2.40513  3.72494  3.29354  2.67741  2.69355  4.24690  2.90347  2.73739  3.18146  2.89801  2.37887  2.77519  2.98518  4.58477  3.61503
          0.02710  4.01765  4.74000  0.61958  0.77255  0.48576  0.95510
     41   2.55530  4.31207  3.37589  2.53347  3.09730  3.46248  3.60176  2.49618  2.73137  2.52592  3.41337  2.98540  3.89965  3.03857  3.13336  2.65643  2.71758  2.52711  3.71889  3.55833     42 - -
          2.68618  4.42225  2.77519  2.73123  3.46354  2.40513  3.72494  3.29354  2.67741  2.69355  4.24690  2.90347  2.73739  3.18146  2.89801  2.37887  2.77519  2.98518  4.58477  3.61503
          0.02710  4.01765  4.74000  0.61958  0.77255  0.48576  0.95510
     42   1.22045  4.21680  3.50619  3.12543  3.48109  3.12725  4.10854  3.15823  3.11334  2.96699  3.88865  3.34809  3.79547  3.42220  3.42888  2.31567  2.76993  2.81622  5.31620  4.04532     43 - -
          2.68618  4.42225  2.77519  2.73123  3.46354  2.40513  3.72494  3.29354  2.67741  2.69355  4.24690  2.90347  2.73739  3.18146  2.89801  2.37887  2.77519  2.98518  4.58477  3.61503
          0.02710  4.01765  4.74000  0.61958  0.77255  0.48576  0.95510
     43   2.92904  5.50021  1.54313  1.49706  4.80071  2.92752  3.76154  4.31785  2.76438  3.81155  4.65063  2.69636  3.84552  2.92277  3.35754  2.81736  3.21457  3.88508  5.96898  4.46689     44 - -
          2.68618  4.42225  2.77519  2.73123  3.46354  2.40513  3.72494  3.29354  2.67741  2.69355  4.24690  2.90347  2.73739  3.18146  2.89801  2.37887  2.77519  2.98518  4.58477  3.61503
          0.02710  4.01765  4.74000  0.61958  0.77255  0.48576  0.95510
     44   2.47960  3.51619  3.01160  2.32023  3.56635  3.40758  3.35157  3.23981  2.29449  2.79799  3.71896  2.99963  3.81806  2.79119  2.70133  2.61409  2.79998  2.89540  5.16358  3.80869     45 - -
          2.68618  4.42225  2.77519  2.73123  3.46354  2.40513  3.72494  3.29354  2.67741  2.69355  4.24690  2.90347  2.73739  3.18146  2.89801  2.37887  2.77519  2.98518  4.58477  3.61503
          0.02710  4.01765  4.74000  0.61958  0.77255  0.48576  0.95510
     45   2.75347  4.08917  4.13020  3.56038  2.03841  3.84216  3.92850  2.32600  3.43244  1.63865  3.11647  3.77760  4.18452  3.46308  3.62014  3.13486  2.98315  2.37332  4.57541  3.18699     46 - -
          2.68618  4.42225  2.77519  2.73123  3.46354  2.40513  3.72494  3.29354  2.67741  2.69355  4.24690  2.90347  2.73739  3.18146  2.89801  2.37887  2.77519  2.98518  4.58477  3.61503
          0.02710  4.01765  4.74000  0.61958  0.77255  0.48576  0.95510
     46   2.58696  4.81775  2.74360  2.38899  4.06864  2.63761  3.46554  3.33356  2.37713  2.81107  3.89257  2.70424  3.79098  2.69709  2.79413  2.43197  2.82041  3.15881  5.31625  3.97359     47 - -
          2.68618  4.42225  2.77519  2.73123  3.46354  2.40513  3.72494  3.29354  2.67741  2.69355  4.24690  2.90347  2.73739  3.18146  2.89801  2.37887  2.77519  2.98518  4.58477  3.61503
          0.02710  4.01765  4.74000  0.61958  0.77255  0.48576  0.95510
     47   2.60307  3.67852  3.98116  3.40058  3.09043  3.69045  3.77767  2.22158  3.27304  1.70311  3.16074  3.63476  4.05576  3.51483  3.43875  2.97596  2.83539  2.28603  4.63730  2.84905     48 - -
          2.68618  4.42225  2.77519  2.73123  3.46354  2.40513  3.72494  3.29354  2.67741  2.69355  4.24690  2.90347  2.73739  3.18146  2.89801  2.37887  2.77519  2.98518  4.58477  3.61503
          0.02710  4.01765  4.74000  0.61958  0.77255  0.48576  0.95510
     48   2.52614  4.61554  2.91872  2.50312  4.01708  1.99500  3.74926  3.43892  2.60703  3.07300  3.91185  2.91244  2.98322  2.94207  3.03631  2.49348  2.84457  3.09975  5.32887  3.56916     49 - -
          2.68618  4.42225  2.77519  2.73123  3.46354  2.40513  3.72494  3.29354  2.67741  2.69355  4.24690  2.90347  2.73739  3.18146  2.89801  2.37887  2.77519  2.98518  4.58477  3.61503
          0.02710  4.01765  4.74000  0.61958  0.77255  0.48576  0.95510
     49   3.67823  4.85923  4.76497  4.46650  1.19175  4.43321  3.42623  3.40650  4.28847  2.75258  3.98046  4.10093  4.72423  4.18129  4.26092  3.79136  3.88968  3.30422  2.49853  1.37518     50 - -
          2.68618  4.42225  2.77519  2.73123  3.46354  2.40513  3.72494  3.29354  2.67741  2.69355  4.24690  2.90347  2.73739  3.18146  2.89801  2.37887  2.77519  2.98518  4.58477  3.61503
          0.02710  4.01765  4.74000  0.61958  0.77255  0.48576  0.95510
     50   2.95465  4.68561  3.57787  3.43939  4.41869  3.36501  4.50325  4.00352  3.50952  3.61378  4.67119  3.73050  0.59707  3.89386  3.73689  3.12714  3.40805  3.63199  5.56343  4.54199     51 - -
          2.68618  4.42225  2.77519  2.73123  3.46354  2.40513  3.72494  3.29354  2.67741  2.69355  4.24690  2.90347  2.73739  3.18146  2.89801  2.37887  2.77519  2.98518  4.58477  3.61503
          0.02710  4.01765  4.74000  0.61958  0.77255  0.48576  0.95510
     51   2.84053  5.10724  2.21989  2.30101  4.47754  3.23920  3.84483  4.06426  2.80766  3.64794  4.52301  1.23659  3.86668  3.04264  3.30110  2.81337  3.16911  3.65814  5.73466  4.30516     52 - -
          2.68618  4.42225  2.77519  2.73123  3.46354  2.40513  3.72494  3.29354  2.67741  2.69355  4.24690  2.90347  2.73739  3.18146  2.89801  2.37887  2.77519  2.98518  4.58477  3.61503
          0.02710  4.01765  4.74000  0.61958  0.77255  0.48576  0.95510
     52   2.17775  4.53899  3.02262  2.60837  4.09971  3.23063  3.79774  3.50936  2.63125  3.14058  3.97148  3.04567  2.20412  2.78675  2.99738  2.17425  2.76070  3.13249  5.39259  4.09828     53 - -
          2.68618  4.42225  2.77519  2.73123  3.46354  2.40513  3.72494  3.29354  2.67741  2.69355  4.24690  2.90347  2.73739  3.18146  2.89801  2.37887  2.77519  2.98518  4.58477  3.61503
          0.02710  4.01765  4.74000  0.61958  0.77255  0.48576  0.95510
     53   2.63677  4.09513  4.11979  3.53451  2.89292  3.74847  4.02225  2.28282  3.40390  1.65250  2.97919  3.73310  4.10255  3.61345  3.46505  2.97978  2.86739  2.19650  3.18060  3.41954     54 - -
          2.68618  4.42225  2.77519  2.73123  3.46354  2.40513  3.72494  3.29354  2.67741  2.69355  4.24690  2.90347  2.73739  3.18146  2.89801  2.37887  2.77519  2.98518  4.58477  3.61503
          0.02710  4.01765  4.74000  0.61958  0.77255  0.48576  0.95510
     54   1.28410  4.16607  3.66477  3.27444  3.94135  3.11747  4.21334  2.99666  3.22608  2.94667  3.88470  3.43018  3.80602  3.53319  3.51492  2.36277  2.76146  2.18716  5.40157  4.18426     55 - -
          2.68618  4.42225  2.77519  2.73123  3.46354  2.40513  3.72494  3.29354  2.67741  2.69355  4.24690  2.90347  2.73739  3.18146  2.89801  2.37887  2.77519  2.98518  4.58477  3.61503
          0.02710  4.01765  4.74000  0.61958  0.77255  0.48576  0.95510
     55   3.08360  5.21795  2.55772  0.83529  4.58337  3.37230  3.97451  4.06642  2.87381  3.66118  4.63107  3.02412  3.98446  3.18858  3.29604  3.05256  3.38968  3.73613  5.72759  4.45258     56 - -
          2.68618  4.42225  2.77519  2.73123  3.46354  2.40513  3.72494  3.29354  2.67741  2.69355  4.24690  2.90347  2.73739  3.18146  2.89801  2.37887  2.77519  2.98518  4.58477  3.61503
          0.02710  4.01765  4.74000  0.61958  0.77255  0.48576  0.95510
     56   2.60931  5.05249  2.86340  2.09823  4.37892  3.40918  3.58481  3.81627  2.19723  3.32731  4.11551  2.68401  3.81830  2.35407  2.18460  2.64831  2.80332  3.43672  5.47629  4.12864     57 - -
          2.68618  4.42225  2.77519  2.73123  3.46354  2.40513  3.72494  3.29354  2.67741  2.69355  4.24690  2.90347  2.73739  3.18146  2.89801  2.37887  2.77519  2.98518  4.58477  3.61503
          0.02710  4.01765  4.74000  0.61958  0.77255  0.48576  0.95510
     57   2.65786  3.84957  4.18839  3.60501  3.02575  3.79782  4.10846  1.75677  3.47961  2.00827  2.98493  3.79855  4.15026  3.68816  3.64466  3.09370  2.79589  2.03496  4.73593  2.89081     58 - -
          2.68618  4.42225  2.77519  2.73123  3.46354  2.40513  3.72494  3.29354  2.67741  2.69355  4.24690  2.90347  2.73739  3.18146  2.89801  2.37887  2.77519  2.98518  4.58477  3.61503
          0.02710  4.01765  4.74000  0.61958  0.77255  0.48576  0.95510
     58   3.13679  4.48353  4.68694  4.17643  2.28815  4.34226  4.55402  1.26180  4.04978  1.76452  3.11688  4.35780  4.62623  4.21225  4.19145  3.70283  3.38061  2.02116  4.91411  3.55659     59 - -
          2.68618  4.42225  2.77519  2.73123  3.46354  2.40513  3.72494  3.29354  2.67741  2.69355  4.24690  2.90347  2.73739  3.18146  2.89801  2.37887  2.77519  2.98518  4.58477  3.61503
          0.02710  4.01765  4.74000  0.61958  0.77255  0.48576  0.95510
     59   3.05289  4.41929  4.61249  4.05596  1.84115  4.25579  4.47805  1.98987  3.93475  1.59176  3.03602  4.25334  4.52951  4.08452  4.07731  3.58215  3.28443  1.81528  4.88915  3.60909     60 - -
          2.68618  4.42225  2.77519  2.73123  3.46354  2.40513  3.72494  3.29354  2.67741  2.69355  4.24690  2.90347  2.73739  3.18146  2.89801  2.37887  2.77519  2.98518  4.58477  3.61503
          0.02710  4.01765  4.74000  0.61958  0.77255  0.48576  0.95510
     60   2.64887  5.07836  2.63485  1.88643  4.39744  3.36479  3.57953  3.69959  2.17990  3.36283  4.13431  2.74645  3.78529  2.37446  2.57956  2.61714  2.88060  3.45674  5.51404  4.12952     61 - -
          2.68618  4.42225  2.77519  2.73123  3.46354  2.40513  3.72494  3.29354  2.67741  2.69355  4.24690  2.90347  2.73739  3.18146  2.89801  2.37887  2.77519  2.98518  4.58477  3.61503
          0.02710  4.01765  4.74000  0.61958  0.77255  0.48576  0.95510
     61   2.32910  4.25475  3.50944  3.01091  3.66532  3.33800  3.96450  2.29086  2.95465  2.68967  3.60785  3.33426  3.87550  3.27462  3.29060  2.20921  1.99241  2.56768  5.11530  3.88395     62 - -
          2.68618  4.42225  2.77519  2.73123  3.46354  2.40513  3.72494  3.29354  2.67741  2.69355  4.24690  2.90347  2.73739  3.18146  2.89801  2.37887  2.77519  2.98518  4.58477  3.61503
          0.02710  4.01765  4.74000  0.61958  0.77255  0.48576  0.95510
     62   3.16528  4.95336  3.27820  3.05480  3.39483  3.57750  0.86980  3.89066  2.89428  3.36546  4.42139  3.45743  4.13908  3.42352  3.15022  3.23526  3.47445  3.62312  4.85753  3.34204     63 - -
          2.68618  4.42225  2.77519  2.73123  3.46354  2.40513  3.72494  3.29354  2.67741  2.69355  4.24690  2.90347  2.73739  3.18146  2.89801  2.37887  2.77519  2.98518  4.58477  3.61503
          0.02710  4.01765  4.74000  0.61958  0.77255  0.48576  0.95510
     63   2.62163  4.77886  3.00676  2.46727  4.01937  3.42837  2.89827  3.43588  2.35755  2.76023  3.86419  2.95343  3.82547  2.28249  2.70355  2.52412  2.57012  3.12207  5.27029  3.95367     64 - -
          2.68618  4.42225  2.77519  2.73123  3.46354  2.40513  3.72494  3.29354  2.67741  2.69355  4.24690  2.90347  2.73739  3.18146  2.89801  2.37887  2.77519  2.98518  4.58477  3.61503
          0.02710  4.01765  4.74000  0.61958  0.77255  0.48576  0.95510
     64   2.57851  4.44193  3.25738  2.48378  3.60815  3.49483  3.66984  2.32042  2.54115  2.54437  3.39243  3.06909  3.87776  2.96935  2.75832  2.73015  2.58756  2.72521  4.99868  3.74048     65 - -
          2.68618  4.42225  2.77519  2.73123  3.46354  2.40513  3.72494  3.29354  2.67741  2.69355  4.24690  2.90347  2.73739  3.18146  2.89801  2.37887  2.77519  2.98518  4.58477  3.61503
          0.02710  4.01765  4.74000  0.61958  0.77255  0.48576  0.95510
     65   3.28500  4.78399  4.03807  3.59173  1.81512  4.08388  1.83569  3.35571  3.48649  2.79818  3.91660  3.72152  4.42641  3.67659  3.71944  3.38935  3.50792  3.19261  3.76225  1.56146     66 - -
          2.68618  4.42225  2.77519  2.73123  3.46354  2.40513  3.72494  3.29354  2.67741  2.69355  4.24690  2.90347  2.73739  3.18146  2.89801  2.37887  2.77519  2.98518  4.58477  3.61503
          0.02710  4.01765  4.74000  0.61958  0.77255  0.48576  0.95510
     66   3.44811  4.80799  4.43786  4.18183  0.80104  4.09999  3.94914  2.95607  4.08571  2.29357  3.66599  4.18529  4.55677  4.21414  4.16948  3.70928  3.75005  2.95710  4.15875  2.50903     67 - -
          2.68618  4.42225  2.77519  2.73123  3.46354  2.40513  3.72494  3.29354  2.67741  2.69355  4.24690  2.90347  2.73739  3.18146  2.89801  2.37887  2.77519  2.98518  4.58477  3.61503
          0.02710  4.01765  4.74000  0.61958  0.77255  0.48576  0.95510
     67   2.03979  4.58989  3.11734  2.55699  3.57523  3.45205  3.18807  3.05454  2.43884  2.76653  3.67795  3.04290  3.83965  2.73570  2.70551  2.67568  2.78092  2.89892  5.12030  3.83071     68 - -
          2.68618  4.42225  2.77519  2.73123  3.46354  2.40513  3.72494  3.29354  2.67741  2.69355  4.24690  2.90347  2.73739  3.18146  2.89801  2.37887  2.77519  2.98518  4.58477  3.61503
          0.02710  4.01765  4.74000  0.61958  0.77255  0.48576  0.95510
     68   2.84453  5.21985  2.17824  2.22378  4.54972  3.26447  3.75697  4.05334  2.52743  3.60155  4.44711  1.41880  3.84992  2.92643  3.15755  2.78923  3.13293  3.65863  5.75718  4.32482     69 - -
          2.68618  4.42225  2.77519  2.73123  3.46354  2.40513  3.72494  3.29354  2.67741  2.69355  4.24690  2.90347  2.73739  3.18146  2.89801  2.37887  2.77519  2.98518  4.58477  3.61503
          0.02710  4.01765  4.74000  0.61958  0.77255  0.48576  0.95510
     69   2.76158  0.68814  4.31165  4.08589  4.04621  3.35205  4.70126  3.21612  3.91433  3.12412  4.25088  4.03436  4.07026  4.25460  4.01226  3.03320  3.24073  2.95040  5.42939  4.33232     70 - -
          2.68618  4.42225  2.77519  2.73123  3.46354  2.40513  3.72494  3.29354  2.67741  2.69355  4.24690  2.90347  2.73739  3.18146  2.89801  2.37887  2.77519  2.98518  4.58477  3.61503
          0.02710  4.01765  4.74000  0.61958  0.77255  0.48576  0.95510
     70   2.18755  4.27075  3.31818  2.93079  4.19064  3.04365  4.03713  3.58555  2.95262  3.26049  4.08808  3.20997  2.91812  3.26894  3.31758  1.51861  2.13002  3.11693  5.51884  4.27454     71 - -
          2.68618  4.42225  2.77519  2.73123  3.46354  2.40513  3.72494  3.29354  2.67741  2.69355  4.24690  2.90347  2.73739  3.18146  2.89801  2.37887  2.77519  2.98518  4.58477  3.61503
          0.02710  4.01765  4.74000  0.61958  0.77255  0.48576  0.95510
     71   2.68278  4.34880  3.64458  3.11156  3.39415  3.64006  3.96225  2.63142  2.90783  1.49949  3.33326  3.46897  4.04785  3.12633  3.10701  2.94563  2.61170  2.41069  4.95832  3.74097     72 - -
          2.68618  4.42225  2.77519  2.73123  3.46354  2.40513  3.72494  3.29354  2.67741  2.69355  4.24690  2.90347  2.73739  3.18146  2.89801  2.37887  2.77519  2.98518  4.58477  3.61503
          0.02710  4.01765  4.74000  0.61958  0.77255  0.48576  0.95510
     72   2.57608  4.67223  3.00313  2.04802  3.89223  3.24623  3.65475  3.27340  2.47504  2.81694  3.66444  2.85331  3.82680  2.74215  2.90642  2.66156  2.82855  2.40707  5.20484  3.89805     73 - -
          2.68618  4.42225  2.77519  2.73123  3.46354  2.40513  3.72494  3.29354  2.67741  2.69355  4.24690  2.90347  2.73739  3.18146  2.89801  2.37887  2.77519  2.98518  4.58477  3.61503
          0.03227  4.01765  4.28602  0.61958  0.77255  0.48576  0.95510
     73   2.66173  5.08189  2.58890  2.06049  4.38652  3.35445  3.07631  3.84923  2.34121  3.36325  4.14188  2.73192  3.78865  2.07529  2.72476  2.62918  2.89639  3.45479  5.52183  4.00683     74 - -
          2.68618  4.42225  2.77519  2.73123  3.46354  2.40513  3.72494  3.29354  2.67741  2.69355  4.24690  2.90347  2.73739  3.18146  2.89801  2.37887  2.77519  2.98518  4.58477  3.61503
          0.12223  4.01262  2.33334  0.61958  0.77255  0.48247  0.96039
     74   2.57839  4.70687  2.80877  2.45193  4.12931  3.27482  3.69864  3.55364  2.48221  3.11978  3.99556  2.74832  2.18919  2.55486  2.88660  2.51360  2.77669  3.19926  5.38589  4.06622     75 - -
          2.68618  4.42225  2.77519  2.73123  3.46354  2.40513  3.72494  3.29354  2.67741  2.69355  4.24690  2.90347  2.73739  3.18146  2.89801  2.37887  2.77519  2.98518  4.58477  3.61503
          0.03967  3.92581  3.95467  0.61958  0.77255  0.57436  0.82797
     75   2.34604  4.22488  3.51019  3.00842  3.65534  3.30730  3.96009  2.74272  2.93448  2.64487  3.47592  3.32323  3.52596  3.26469  3.26598  2.63046  1.92666  2.09259  5.11815  3.88865     76 - -
          2.68618  4.42225  2.77519  2.73123  3.46354  2.40513  3.72494  3.29354  2.67741  2.69355  4.24690  2.90347  2.73739  3.18146  2.89801  2.37887  2.77519  2.98518  4.58477  3.61503
          0.03004  3.91618  4.63853  0.61958  0.77255  0.42955  1.05211
     76   3.16237  4.53346  4.44082  3.96124  1.51724  4.15380  3.74632  2.75452  3.82096  1.77903  3.38581  3.98632  4.46547  3.92449  3.93998  3.47434  3.38681  2.63983  3.99785  1.92767     77 - -
          2.68618  4.42225  2.77519  2.73123  3.46354  2.40513  3.72494  3.29354  2.67741  2.69355  4.24690  2.90347  2.73739  3.18146  2.89801  2.37887  2.77519  2.98518  4.58477  3.61503
          0.02710  4.01765  4.74000  0.61958  0.77255  0.48576  0.95510
     77   2.55370  4.03261  3.31756  2.76030  2.96366  3.48343  3.75103  2.91164  2.70883  2.55673  3.49090  3.07500  3.88247  2.96704  2.96280  2.00617  2.77595  2.66903  4.93902  3.61508     78 - -
          2.68618  4.42225  2.77519  2.73123  3.46354  2.40513  3.72494  3.29354  2.67741  2.69355  4.24690  2.90347  2.73739  3.18146  2.89801  2.37887  2.77519  2.98518  4.58477  3.61503
          0.02710  4.01765  4.74000  0.61958  0.77255  0.48576  0.95510
     78   3.15122  5.29494  0.73020  2.43639  4.69279  3.32573  4.06682  4.31521  3.17964  3.89854  4.88189  2.99926  3.98899  3.30768  3.71397  3.09864  3.49362  3.93963  5.83264  4.54441     79 - -
          2.68618  4.42225  2.77519  2.73123  3.46354  2.40513  3.72494  3.29354  2.67741  2.69355  4.24690  2.90347  2.73739  3.18146  2.89801  2.37887  2.77519  2.98518  4.58477  3.61503
          0.02710  4.01765  4.74000  0.61958  0.77255  0.48576  0.95510
     79   2.95465  4.68561  3.57787  3.43939  4.41869  3.36501  4.50325  4.00352  3.50952  3.61378  4.67119  3.73050  0.59707  3.89386  3.73689  3.12714  3.40805  3.63199  5.56343  4.54199     80 - -
          2.68618  4.42225  2.77519  2.73123  3.46354  2.40513  3.72494  3.29354  2.67741  2.69355  4.24690  2.90347  2.73739  3.18146  2.89801  2.37887  2.77519  2.98518  4.58477  3.61503
          0.02710  4.01765  4.74000  0.61958  0.77255  0.48576  0.95510
     80   2.95465  4.68561  3.57787  3.43939  4.41869  3.36501  4.50325  4.00352  3.50952  3.61378  4.67119  3.73050  0.59707  3.89386  3.73689  3.12714  3.40805  3.63199  5.56343  4.54199     81 - -
          2.68618  4.42225  2.77519  2.73123  3.46354  2.40513  3.72494  3.29354  2.67741  2.69355  4.24690  2.90347  2.73739  3.18146  2.89801  2.37887  2.77519  2.98518  4.58477  3.61503
          0.02710  4.01765  4.74000  0.61958  0.77255  0.48576  0.95510
     81   2.82502  5.10802  2.49233  1.26525  4.49728  3.29918  3.78313  3.94862  2.63993  3.51656  4.37718  2.86886  2.78266  2.95288  3.09938  2.79846  3.11378  3.57333  5.68442  4.31667     82 - -
          2.68618  4.42225  2.77519  2.73123  3.46354  2.40513  3.72494  3.29354  2.67741  2.69355  4.24690  2.90347  2.73739  3.18146  2.89801  2.37887  2.77519  2.98518  4.58477  3.61503
          0.02710  4.01765  4.74000  0.61958  0.77255  0.48576  0.95510
     82   2.48763  5.04380  1.56074  2.25927  4.46042  3.20973  3.72604  3.91585  2.62712  3.48074  4.29610  2.52148  3.80517  2.88120  3.14491  2.55882  2.99786  3.29946  5.67515  4.26510     83 - -
          2.68618  4.42225  2.77519  2.73123  3.46354  2.40513  3.72494  3.29354  2.67741  2.69355  4.24690  2.90347  2.73739  3.18146  2.89801  2.37887  2.77519  2.98518  4.58477  3.61503
          0.02710  4.01765  4.74000  0.61958  0.77255  0.48576  0.95510
     83   2.97865  4.35470  4.56854  4.05573  3.58798  4.23995  4.79544  1.56109  3.94316  2.16496  3.41449  4.29173  4.59815  4.22770  4.16751  3.60447  2.96754  1.10862  5.43983  4.23271     84 - -
          2.68618  4.42225  2.77519  2.73123  3.46354  2.40513  3.72494  3.29354  2.67741  2.69355  4.24690  2.90347  2.73739  3.18146  2.89801  2.37887  2.77519  2.98518  4.58477  3.61503
          0.02710  4.01765  4.74000  0.61958  0.77255  0.48576  0.95510
     84   3.16247  4.57147  4.58592  4.08929  3.19971  4.30378  4.73646  2.10194  3.90508  0.99266  3.05425  4.34555  4.62182  4.15549  4.08359  3.68973  3.42649  1.82568  5.20512  4.02725     85 - -
          2.68618  4.42225  2.77519  2.73123  3.46354  2.40513  3.72494  3.29354  2.67741  2.69355  4.24690  2.90347  2.73739  3.18146  2.89801  2.37887  2.77519  2.98518  4.58477  3.61503
          0.02710  4.01765  4.74000  0.61958  0.77255  0.48576  0.95510
     85   3.29633  4.64329  4.77723  4.22249  2.38523  4.49089  4.64235  2.25448  4.08787  0.91679  2.64622  4.46285  4.68397  4.18679  4.21152  3.82931  3.51462  2.39895  4.93718  3.70189     86 - -
          2.68618  4.42225  2.77519  2.73123  3.46354  2.40513  3.72494  3.29354  2.67741  2.69355  4.24690  2.90347  2.73739  3.18146  2.89801  2.37887  2.77519  2.98518  4.58477  3.61503
          0.02710  4.01765  4.74000  0.61958  0.77255  0.48576  0.95510
     86   0.82320  4.27001  3.61492  3.41542  4.20168  3.09018  4.41962  3.34929  3.43553  3.22398  4.24166  3.52675  3.84336  3.76378  3.67458  2.61997  2.90751  2.97844  5.61428  4.43137     87 - -
          2.68618  4.42225  2.77519  2.73123  3.46354  2.40513  3.72494  3.29354  2.67741  2.69355  4.24690  2.90347  2.73739  3.18146  2.89801  2.37887  2.77519  2.98518  4.58477  3.61503
          0.02710  4.01765  4.74000  0.61958  0.77255  0.48576  0.95510
     87   3.21967  4.62628  4.57802  4.03792  3.08460  4.35949  4.65738  2.23442  3.83170  1.23351  1.62033  4.32600  4.61339  4.06572  4.00335  3.71397  3.45438  2.33431  5.10288  3.96388     88 - -
          2.68618  4.42225  2.77519  2.73123  3.46354  2.40513  3.72494  3.29354  2.67741  2.69355  4.24690  2.90347  2.73739  3.18146  2.89801  2.37887  2.77519  2.98518  4.58477  3.61503
          0.02710  4.01765  4.74000  0.61958  0.77255  0.48576  0.95510
     88   3.11011  4.43218  4.79599  4.30676  3.54455  4.43812  5.02007  1.12362  4.18603  2.03392  3.35311  4.52608  4.75655  4.45194  4.38191  3.83164  3.37936  1.37911  5.52583  4.32276     89 - -
          2.68618  4.42225  2.77519  2.73123  3.46354  2.40513  3.72494  3.29354  2.67741  2.69355  4.24690  2.90347  2.73739  3.18146  2.89801  2.37887  2.77519  2.98518  4.58477  3.61503
          0.02710  4.01765  4.74000  0.61958  0.77255  0.48576  0.95510
     89   3.14471  4.46611  4.78171  4.22956  3.18641  4.45812  4.83656  1.21985  4.11793  1.64528  2.75026  4.47184  4.69635  4.29116  4.27971  3.80258  3.38009  1.78633  5.26530  4.13272     90 - -
          2.68618  4.42225  2.77519  2.73123  3.46354  2.40513  3.72494  3.29354  2.67741  2.69355  4.24690  2.90347  2.73739  3.18146  2.89801  2.37887  2.77519  2.98518  4.58477  3.61503
          0.02710  4.01765  4.74000  0.61958  0.77255  0.48576  0.95510
     90   1.28246  4.16963  3.57871  3.25195  4.13921  3.02791  4.25135  3.27052  3.23093  3.15095  4.06694  3.38882  3.75658  3.54568  3.51898  2.47695  1.88542  2.87524  5.55589  4.34984     91 - -
          2.68618  4.42225  2.77519  2.73123  3.46354  2.40513  3.72494  3.29354  2.67741  2.69355  4.24690  2.90347  2.73739  3.18146  2.89801  2.37887  2.77519  2.98518  4.58477  3.61503
          0.02710  4.01765  4.74000  0.61958  0.77255  0.48576  0.95510
     91   2.95465  4.68561  3.57787  3.43939  4.41869  3.36501  4.50325  4.00352  3.50952  3.61378  4.67119  3.73050  0.59707  3.89386  3.73689  3.12714  3.40805  3.63199  5.56343  4.54199     92 - -
          2.68618  4.42225  2.77519  2.73123  3.46354  2.40513  3.72494  3.29354  2.67741  2.69355  4.24690  2.90347  2.73739  3.18146  2.89801  2.37887  2.77519  2.98518  4.58477  3.61503
          0.02710  4.01765  4.74000  0.61958  0.77255  0.48576  0.95510
     92   3.10755  4.46604  4.69640  4.23650  3.48204  4.35123  4.94647  1.01698  4.08224  1.97855  3.32294  4.45581  4.70709  4.37439  4.27582  3.76269  3.38928  1.64060  5.46405  4.24020     93 - -
          2.68618  4.42225  2.77519  2.73123  3.46354  2.40513  3.72494  3.29354  2.67741  2.69355  4.24690  2.90347  2.73739  3.18146  2.89801  2.37887  2.77519  2.98518  4.58477  3.61503
          0.02710  4.01765  4.74000  0.61958  0.77255  0.48576  0.95510
     93   2.76158  0.68814  4.31165  4.08589  4.04621  3.35205  4.70126  3.21612  3.91433  3.12412  4.25088  4.03436  4.07026  4.25460  4.01226  3.03320  3.24073  2.95040  5.42939  4.33232     94 - -
          2.68618  4.42225  2.77519  2.73123  3.46354  2.40513  3.72494  3.29354  2.67741  2.69355  4.24690  2.90347  2.73739  3.18146  2.89801  2.37887  2.77519  2.98518  4.58477  3.61503
          0.02710  4.01765  4.74000  0.61958  0.77255  0.48576  0.95510
     94   3.29373  4.66210  4.70255  4.19532  3.11364  4.46618  4.79223  1.96789  3.98351  0.87056  2.96914  4.46857  4.71484  4.21464  4.14200  3.85304  3.53739  2.19664  5.17135  3.99600     95 - -
          2.68618  4.42225  2.77519  2.73123  3.46354  2.40513  3.72494  3.29354  2.67741  2.69355  4.24690  2.90347  2.73739  3.18146  2.89801  2.37887  2.77519  2.98518  4.58477  3.61503
          0.02710  4.01765  4.74000  0.61958  0.77255  0.48576  0.95510
     95   3.14518  4.52652  4.53735  4.16041  3.47549  4.21962  4.86348  0.91434  3.99132  2.03425  3.39073  4.38566  4.63889  4.32602  4.17156  3.73083  3.44260  1.86044  5.39480  4.14417     96 - -
          2.68618  4.42225  2.77519  2.73123  3.46354  2.40513  3.72494  3.29354  2.67741  2.69355  4.24690  2.90347  2.73739  3.18146  2.89801  2.37887  2.77519  2.98518  4.58477  3.61503
          0.02710  4.01765  4.74000  0.61958  0.77255  0.48576  0.95510
     96   2.95465  4.68561  3.57787  3.43939  4.41869  3.36501  4.50325  4.00352  3.50952  3.61378  4.67119  3.73050  0.59707  3.89386  3.73689  3.12714  3.40805  3.63199  5.56343  4.54199     97 - -
          2.68618  4.42225  2.77519  2.73123  3.46354  2.40513  3.72494  3.29354  2.67741  2.69355  4.24690  2.90347  2.73739  3.18146  2.89801  2.37887  2.77519  2.98518  4.58477  3.61503
          0.02710  4.01765  4.74000  0.61958  0.77255  0.48576  0.95510
     97   3.09440  4.47533  4.56715  4.02975  1.58070  4.24955  4.36006  2.11441  3.90367  1.65698  3.06847  4.21620  4.53380  4.05697  4.05515  3.58049  3.32963  1.99449  4.73205  3.33828     98 - -
          2.68618  4.42225  2.77519  2.73123  3.46354  2.40513  3.72494  3.29354  2.67741  2.69355  4.24690  2.90347  2.73739  3.18146  2.89801  2.37887  2.77519  2.98518  4.58477  3.61503
          0.02710  4.01765  4.74000  0.61958  0.77255  0.48576  0.95510
     98   3.30033  4.66016  4.74872  4.19004  2.92327  4.50149  4.74990  2.21915  4.04034  0.92025  2.20601  4.47213  4.69360  4.17665  4.18455  3.84296  3.52100  2.36143  5.08876  3.96889     99 - -
          2.68618  4.42225  2.77519  2.73123  3.46354  2.40513  3.72494  3.29354  2.67741  2.69355  4.24690  2.90347  2.73739  3.18146  2.89801  2.37887  2.77519  2.98518  4.58477  3.61503
          0.02710  4.01765  4.74000  0.61958  0.77255  0.48576  0.95510
     99   2.99846  4.41265  4.55085  4.10169  3.57442  4.17117  4.85375  1.77092  3.95523  2.14638  3.43945  4.30903  4.59721  4.27564  4.17127  3.58489  3.30214  0.95403  5.48213  4.22860    100 - -
          2.68618  4.42225  2.77519  2.73123  3.46354  2.40513  3.72494  3.29354  2.67741  2.69355  4.24690  2.90347  2.73739  3.18146  2.89801  2.37887  2.77519  2.98518  4.58477  3.61503
          0.02710  4.01765  4.74000  0.61958  0.77255  0.48576  0.95510
    100   2.16865  4.25328  3.44253  2.98581  3.44832  3.19892  3.98835  3.10807  2.95712  2.88238  3.77275  3.28319  3.80303  3.27352  3.30299  2.28371  1.60719  2.78684  5.23759  3.99290    101 - -
          2.68618  4.42225  2.77519  2.73123  3.46354  2.40513  3.72494  3.29354  2.67741  2.69355  4.24690  2.90347  2.73739  3.18146  2.89801  2.37887  2.77519  2.98518  4.58477  3.61503
          0.02710  4.01765  4.74000  0.61958  0.77255  0.48576  0.95510
    101   3.23985  4.66543  4.55931  4.09182  3.10634  4.32336  4.69913  2.18014  3.84622  0.84520  3.00826  4.35163  4.64171  4.13309  4.01417  3.72915  3.50704  2.23328  5.13089  3.90324    102 - -
          2.68618  4.42225  2.77519  2.73123  3.46354  2.40513  3.72494  3.29354  2.67741  2.69355  4.24690  2.90347  2.73739  3.18146  2.89801  2.37887  2.77519  2.98518  4.58477  3.61503
          0.02710  4.01765  4.74000  0.61958  0.77255  0.48576  0.95510
    102   2.92380  4.42860  4.32443  3.99410  3.65983  3.87193  4.77189  2.05365  3.86410  2.32298  3.60493  4.16004  4.42585  4.21438  4.06230  3.38622  3.28277  0.85987  5.46812  4.20786    103 - -
          2.68618  4.42225  2.77519  2.73123  3.46354  2.40513  3.72494  3.29354  2.67741  2.69355  4.24690  2.90347  2.73739  3.18146  2.89801  2.37887  2.77519  2.98518  4.58477  3.61503
          0.02710  4.01765  4.74000  0.61958  0.77255  0.48576  0.95510
    103   3.06003  4.41448  4.69032  4.20820  3.57560  4.33715  4.94643  1.59126  4.08338  2.10570  3.40234  4.43006  4.69415  4.37295  4.29516  3.73171  3.33920  0.99757  5.51675  4.29177    104 - -
          2.68618  4.42225  2.77519  2.73123  3.46354  2.40513  3.72494  3.29354  2.67741  2.69355  4.24690  2.90347  2.73739  3.18146  2.89801  2.37887  2.77519  2.98518  4.58477  3.61503
          0.02710  4.01765  4.74000  0.61958  0.77255  0.48576  0.95510
    104   2.98287  4.25584  4.19061  3.67093  2.63377  3.93676  3.88141  2.69783  3.41298  1.82269  3.36946  3.83865  4.31292  3.71632  3.59762  3.28617  3.23159  2.61994  1.68267  2.74664    105 - -
          2.68618  4.42225  2.77519  2.73123  3.46354  2.40513  3.72494  3.29354  2.67741  2.69355  4.24690  2.90347  2.73739  3.18146  2.89801  2.37887  2.77519  2.98518  4.58477  3.61503
          0.02710  4.01765  4.74000  0.61958  0.77255  0.48576  0.95510
    105   3.07858  5.19158  3.49615  2.81330  4.64910  3.69208  3.61001  3.98811  1.52324  3.41918  4.28903  3.21044  4.05145  2.67416  1.35538  3.07049  3.23631  3.67212  5.45762  4.29696    106 - -
          2.68618  4.42225  2.77519  2.73123  3.46354  2.40513  3.72494  3.29354  2.67741  2.69355  4.24690  2.90347  2.73739  3.18146  2.89801  2.37887  2.77519  2.98518  4.58477  3.61503
          0.02710  4.01765  4.74000  0.61958  0.77255  0.48576  0.95510
    106   2.27410  4.21913  3.37648  3.09522  4.25576  2.99049  4.18287  3.61864  3.12269  3.35436  4.21318  3.29021  3.72454  3.45022  3.43335  1.18824  2.18592  3.12596  5.61205  4.37325    107 - -
          2.68618  4.42225  2.77519  2.73123  3.46354  2.40513  3.72494  3.29354  2.67741  2.69355  4.24690  2.90347  2.73739  3.18146  2.89801  2.37887  2.77519  2.98518  4.58477  3.61503
          0.02710  4.01765  4.74000  0.61958  0.77255  0.48576  0.95510
    107   3.03126  5.12048  3.11068  2.63302  4.53795  3.55611  3.72790  3.91155  1.02542  3.43860  4.34464  3.15759  4.02034  2.88747  2.35992  3.03570  3.25217  3.59747  5.51165  4.30297    108 - -
          2.68618  4.42225  2.77519  2.73123  3.46354  2.40513  3.72494  3.29354  2.67741  2.69355  4.24690  2.90347  2.73739  3.18146  2.89801  2.37887  2.77519  2.98518  4.58477  3.61503
          0.02710  4.01765  4.74000  0.61958  0.77255  0.48576  0.95510
    108   2.86464  5.34802  1.38707  2.15301  4.68873  3.05582  3.75431  4.20512  2.72207  3.71714  4.54954  2.14870  3.83602  2.91572  3.16575  2.78166  3.15457  3.77889  5.87584  4.40180    109 - -
          2.68618  4.42225  2.77519  2.73123  3.46354  2.40513  3.72494  3.29354  2.67741  2.69355  4.24690  2.90347  2.73739  3.18146  2.89801  2.37887  2.77519  2.98518  4.58477  3.61503
          0.02710  4.01765  4.74000  0.61958  0.77255  0.48576  0.95510
    109   2.53050  4.67652  2.69274  2.47358  4.16916  2.18917  3.73854  3.59679  2.58433  3.20394  3.83957  2.83497  3.77825  2.90690  3.01036  2.00932  2.77472  3.21627  5.43692  4.10684    110 - -
          2.68618  4.42225  2.77519  2.73123  3.46354  2.40513  3.72494  3.29354  2.67741  2.69355  4.24690  2.90347  2.73739  3.18146  2.89801  2.37887  2.77519  2.98518  4.58477  3.61503
          0.02710  4.01765  4.74000  0.61958  0.77255  0.48576  0.95510
    110   2.83948  5.37450  1.86213  1.59134  4.67409  3.27687  3.69380  4.16822  2.16348  3.65900  4.46759  2.73540  3.82712  2.83628  3.10569  2.75246  3.10098  3.74671  5.81035  4.35238    111 - -
          2.68618  4.42225  2.77519  2.73123  3.46354  2.40513  3.72494  3.29354  2.67741  2.69355  4.24690  2.90347  2.73739  3.18146  2.89801  2.37887  2.77519  2.98518  4.58477  3.61503
          0.02710  4.01765  4.74000  0.61958  0.77255  0.48576  0.95510
    111   1.64127  4.31245  3.34835  2.85038  3.83210  2.62412  3.89055  3.18623  2.82028  2.89227  3.28661  3.20440  3.38703  3.14442  3.19529  2.51904  2.70890  2.78742  5.21450  3.96600    112 - -
          2.68618  4.42225  2.77519  2.73123  3.46354  2.40513  3.72494  3.29354  2.67741  2.69355  4.24690  2.90347  2.73739  3.18146  2.89801  2.37887  2.77519  2.98518  4.58477  3.61503
          0.02710  4.01765  4.74000  0.61958  0.77255  0.48576  0.95510
    112   2.70740  4.95833  2.99790  2.46126  4.25933  3.45543  3.46918  3.67577  2.10440  3.21896  4.03198  2.96544  3.85089  1.90063  2.41585  2.55878  2.81200  3.33332  5.38943  3.91572    113 - -
          2.68618  4.42225  2.77519  2.73123  3.46354  2.40513  3.72494  3.29354  2.67741  2.69355  4.24690  2.90347  2.73739  3.18146  2.89801  2.37887  2.77519  2.98518  4.58477  3.61503
          0.02710  4.01765  4.74000  0.61958  0.77255  0.48576  0.95510
    113   1.79355  4.40180  3.19940  2.67745  3.97516  3.21060  3.85340  3.35286  2.73728  2.92593  3.87169  3.12725  3.23440  3.07063  3.13558  1.98699  2.61444  2.96513  5.31550  4.04598    114 - -
          2.68618  4.42225  2.77519  2.73123  3.46354  2.40513  3.72494  3.29354  2.67741  2.69355  4.24690  2.90347  2.73739  3.18146  2.89801  2.37887  2.77519  2.98518  4.58477  3.61503
          0.01832  4.00887        *  0.61958  0.77255  0.00000        *
//
