HMMER3/b [3.0 | March 2010]
NAME  .\ramp1_test
LENG  119
ALPH  amino
RF    no
CS    no
MAP   yes
DATE  Fri Jan 29 12:21:07 2016
NSEQ  59
EFFN  0.608582
CKSUM 3750182231
STATS LOCAL MSV       -9.6946  0.71367
STATS LOCAL VITERBI  -10.6236  0.71367
STATS LOCAL FORWARD   -4.6219  0.71367
HMM          A        C        D        E        F        G        H        I        K        L        M        N        P        Q        R        S        T        V        W        Y   
            m->m     m->i     m->d     i->m     i->i     d->m     d->d
  COMPO   2.63957  3.53937  3.06640  2.78410  3.12548  3.16993  3.69921  2.72080  2.78339  2.36243  3.54561  3.19845  3.24862  3.15765  2.99870  2.77381  2.80250  2.49369  4.02058  3.37596
          2.68618  4.42225  2.77519  2.73123  3.46354  2.40513  3.72494  3.29354  2.67741  2.69355  4.24690  2.90347  2.73739  3.18146  2.89801  2.37887  2.77519  2.98518  4.58477  3.61503
          0.02902  3.94999  4.67233  0.61958  0.77255  0.00000        *
      1   1.44889  4.18533  3.39642  2.98338  4.04335  2.75098  4.02949  3.41505  2.98288  3.11757  3.95875  3.22871  3.05755  3.28833  3.33107  2.28825  2.56200  2.78627  5.40479  4.17620      1 - -
          2.68618  4.42225  2.77519  2.73123  3.46354  2.40513  3.72494  3.29354  2.67741  2.69355  4.24690  2.90347  2.73739  3.18146  2.89801  2.37887  2.77519  2.98518  4.58477  3.61503
          0.02902  3.94999  4.67233  0.61958  0.77255  0.48576  0.95510
      2   2.60199  4.97578  2.20375  2.19898  4.26065  3.33868  3.25948  3.71324  2.35554  3.25532  3.90444  2.64539  3.76071  2.63333  2.84022  2.52061  2.74559  3.28377  5.44118  3.87470      2 - -
          2.68618  4.42225  2.77519  2.73123  3.46354  2.40513  3.72494  3.29354  2.67741  2.69355  4.24690  2.90347  2.73739  3.18146  2.89801  2.37887  2.77519  2.98518  4.58477  3.61503
          0.02902  3.94999  4.67233  0.61958  0.77255  0.48576  0.95510
      3   3.06502  4.64373  3.79784  3.35159  2.19206  3.89092  3.08616  3.20472  3.23009  2.68392  3.78523  3.56944  4.26478  3.49976  3.48761  3.00978  3.29865  3.01957  3.89171  1.27693      3 - -
          2.68618  4.42225  2.77519  2.73123  3.46354  2.40513  3.72494  3.29354  2.67741  2.69355  4.24690  2.90347  2.73739  3.18146  2.89801  2.37887  2.77519  2.98518  4.58477  3.61503
          0.02902  3.94999  4.67233  0.61958  0.77255  0.48576  0.95510
      4   2.64013  4.91453  2.54550  2.08304  4.25192  2.05123  3.57924  3.68630  2.51703  3.26873  4.09565  2.84166  3.79728  2.81656  2.90912  2.53305  2.87151  3.33019  5.48951  4.12834      4 - -
          2.68618  4.42225  2.77519  2.73123  3.46354  2.40513  3.72494  3.29354  2.67741  2.69355  4.24690  2.90347  2.73739  3.18146  2.89801  2.37887  2.77519  2.98518  4.58477  3.61503
          0.02902  3.94999  4.67233  0.61958  0.77255  0.48576  0.95510
      5   2.33068  4.36883  3.27503  2.71059  3.41233  3.48073  3.71813  2.89446  2.66635  2.55238  3.46725  3.15436  3.58150  2.79132  2.88818  2.69727  2.46732  2.61211  4.00491  3.42635      5 - -
          2.68618  4.42225  2.77519  2.73123  3.46354  2.40513  3.72494  3.29354  2.67741  2.69355  4.24690  2.90347  2.73739  3.18146  2.89801  2.37887  2.77519  2.98518  4.58477  3.61503
          0.02902  3.94999  4.67233  0.61958  0.77255  0.48576  0.95510
      6   2.50769  4.18831  3.97925  3.40293  2.96558  3.77946  4.07484  2.26580  3.30460  1.64195  2.77871  3.68873  4.12717  3.47686  3.47589  3.06240  2.85806  2.10487  4.80441  3.62408      6 - -
          2.68618  4.42225  2.77519  2.73123  3.46354  2.40513  3.72494  3.29354  2.67741  2.69355  4.24690  2.90347  2.73739  3.18146  2.89801  2.37887  2.77519  2.98518  4.58477  3.61503
          0.02902  3.94999  4.67233  0.61958  0.77255  0.48576  0.95510
      7   3.03179  4.45828  4.64517  4.09063  3.22195  4.37100  4.72849  1.41476  3.95318  1.41631  2.74642  4.35601  4.61974  4.15749  4.13064  3.70976  3.34121  1.91920  5.19925  4.07300      7 - -
          2.68618  4.42225  2.77519  2.73123  3.46354  2.40513  3.72494  3.29354  2.67741  2.69355  4.24690  2.90347  2.73739  3.18146  2.89801  2.37887  2.77519  2.98518  4.58477  3.61503
          0.02902  3.94999  4.67233  0.61958  0.77255  0.48576  0.95510
      8   2.61455  4.96797  2.87250  2.21553  4.27094  3.39994  3.38878  3.70311  2.23071  3.23640  4.03117  2.83073  3.79876  2.17585  2.31383  2.58643  2.87070  3.33999  5.18239  4.06427      8 - -
          2.68618  4.42225  2.77519  2.73123  3.46354  2.40513  3.72494  3.29354  2.67741  2.69355  4.24690  2.90347  2.73739  3.18146  2.89801  2.37887  2.77519  2.98518  4.58477  3.61503
          0.02902  3.94999  4.67233  0.61958  0.77255  0.48576  0.95510
      9   2.78344  5.28505  2.04253  1.57805  4.56864  3.26063  3.06156  4.06159  2.48135  3.56416  4.37006  2.67212  3.79566  2.75639  3.05744  2.70787  3.04088  3.65208  5.72375  4.27751      9 - -
          2.68618  4.42225  2.77519  2.73123  3.46354  2.40513  3.72494  3.29354  2.67741  2.69355  4.24690  2.90347  2.73739  3.18146  2.89801  2.37887  2.77519  2.98518  4.58477  3.61503
          0.02902  3.94999  4.67233  0.61958  0.77255  0.48576  0.95510
     10   2.55097  4.12215  3.82161  3.24892  2.67479  3.64127  3.75829  2.50463  3.14841  1.93000  3.16243  3.52551  4.00969  3.40197  3.33666  2.85935  2.78858  2.31855  4.57983  2.65090     10 - -
          2.68618  4.42225  2.77519  2.73123  3.46354  2.40513  3.72494  3.29354  2.67741  2.69355  4.24690  2.90347  2.73739  3.18146  2.89801  2.37887  2.77519  2.98518  4.58477  3.61503
          0.02902  3.94999  4.67233  0.61958  0.77255  0.48576  0.95510
     11   2.67623  0.79593  4.21310  3.97056  3.94433  3.28264  4.60062  3.10124  3.79797  3.01316  4.13706  3.93688  3.99570  4.14091  3.90855  2.94800  3.14953  2.84056  5.34391  4.23142     11 - -
          2.68618  4.42225  2.77519  2.73123  3.46354  2.40513  3.72494  3.29354  2.67741  2.69355  4.24690  2.90347  2.73739  3.18146  2.89801  2.37887  2.77519  2.98518  4.58477  3.61503
          0.02902  3.94999  4.67233  0.61958  0.77255  0.48576  0.95510
     12   3.19149  4.61469  4.50579  4.01780  2.94414  4.29158  4.59916  2.18136  3.83345  0.91938  2.97533  4.28475  4.59351  4.07389  4.01388  3.67344  3.44907  2.17986  5.02096  3.75291     12 - -
          2.68618  4.42225  2.77519  2.73123  3.46354  2.40513  3.72494  3.29354  2.67741  2.69355  4.24690  2.90347  2.73739  3.18146  2.89801  2.37887  2.77519  2.98518  4.58477  3.61503
          0.02902  3.94999  4.67233  0.61958  0.77255  0.48576  0.95510
     13   2.23400  4.69317  2.93486  2.41055  4.03490  3.23012  3.64908  3.44651  2.23413  3.05719  3.87937  2.92230  3.52171  2.81267  2.84654  2.28328  2.53362  3.11051  5.30218  3.98298     13 - -
          2.68618  4.42225  2.77519  2.73123  3.46354  2.40513  3.72494  3.29354  2.67741  2.69355  4.24690  2.90347  2.73739  3.18146  2.89801  2.37887  2.77519  2.98518  4.58477  3.61503
          0.02902  3.94999  4.67233  0.61958  0.77255  0.48576  0.95510
     14   2.74867  5.03345  2.96977  2.44561  4.38063  3.46028  3.57225  3.78925  1.94508  3.29442  4.10543  2.95866  3.39212  2.13018  2.06679  2.73720  2.95911  3.43305  5.42696  4.13163     14 - -
          2.68618  4.42225  2.77519  2.73123  3.46354  2.40513  3.72494  3.29354  2.67741  2.69355  4.24690  2.90347  2.73739  3.18146  2.89801  2.37887  2.77519  2.98518  4.58477  3.61503
          0.02902  3.94999  4.67233  0.61958  0.77255  0.48576  0.95510
     15   3.35776  4.73690  4.34493  4.07440  0.89296  4.02889  3.91288  2.87218  3.97954  2.22451  3.59106  4.10690  4.48593  4.12624  4.08012  3.62355  3.65903  2.86852  4.13947  2.49698     15 - -
          2.68618  4.42225  2.77519  2.73123  3.46354  2.40513  3.72494  3.29354  2.67741  2.69355  4.24690  2.90347  2.73739  3.18146  2.89801  2.37887  2.77519  2.98518  4.58477  3.61503
          0.02902  3.94999  4.67233  0.61958  0.77255  0.48576  0.95510
     16   2.82180  5.07046  3.07979  2.49423  4.44372  3.50647  3.57581  3.83306  1.66757  3.32202  4.14676  3.00691  3.89598  2.11055  2.16148  2.75955  2.92144  3.48611  5.43282  4.17070     16 - -
          2.68618  4.42225  2.77519  2.73123  3.46354  2.40513  3.72494  3.29354  2.67741  2.69355  4.24690  2.90347  2.73739  3.18146  2.89801  2.37887  2.77519  2.98518  4.58477  3.61503
          0.02902  3.94999  4.67233  0.61958  0.77255  0.48576  0.95510
     17   2.44757  4.24186  3.45737  2.80068  3.17890  3.53027  3.69427  2.72188  2.75782  2.09152  3.34632  3.28602  3.91150  3.09672  3.08789  2.72243  2.77917  2.19218  4.82641  3.59561     17 - -
          2.68618  4.42225  2.77519  2.73123  3.46354  2.40513  3.72494  3.29354  2.67741  2.69355  4.24690  2.90347  2.73739  3.18146  2.89801  2.37887  2.77519  2.98518  4.58477  3.61503
          0.02902  3.94999  4.67233  0.61958  0.77255  0.48576  0.95510
     18   2.75486  5.19698  1.68226  2.11447  4.48960  3.26143  3.44789  3.97096  2.54542  3.49648  4.30702  2.61928  3.79302  2.80786  2.97220  2.30242  3.01594  3.57499  5.67309  4.24212     18 - -
          2.68618  4.42225  2.77519  2.73123  3.46354  2.40513  3.72494  3.29354  2.67741  2.69355  4.24690  2.90347  2.73739  3.18146  2.89801  2.37887  2.77519  2.98518  4.58477  3.61503
          0.02902  3.94999  4.67233  0.61958  0.77255  0.48576  0.95510
     19   3.03107  4.56787  4.13296  3.73261  3.24303  3.89204  4.44983  2.42642  3.49633  1.82637  1.23695  4.00043  4.35340  3.87331  3.69249  3.38811  3.33806  2.44144  5.09398  3.86238     19 - -
          2.68618  4.42225  2.77519  2.73123  3.46354  2.40513  3.72494  3.29354  2.67741  2.69355  4.24690  2.90347  2.73739  3.18146  2.89801  2.37887  2.77519  2.98518  4.58477  3.61503
          0.02902  3.94999  4.67233  0.61958  0.77255  0.48576  0.95510
     20   2.83043  5.33210  2.11584  1.41264  4.62181  3.10062  3.68794  4.11327  2.60280  3.62112  4.44411  2.63047  3.80755  2.58255  3.13808  2.74553  3.09822  3.70509  5.78824  4.33140     20 - -
          2.68618  4.42225  2.77519  2.73123  3.46354  2.40513  3.72494  3.29354  2.67741  2.69355  4.24690  2.90347  2.73739  3.18146  2.89801  2.37887  2.77519  2.98518  4.58477  3.61503
          0.02902  3.94999  4.67233  0.61958  0.77255  0.48576  0.95510
     21   1.86068  4.52295  2.95380  2.42336  3.90015  2.80233  3.73179  3.25983  2.59952  2.94064  3.71220  3.02628  3.78994  2.93396  3.02316  2.60506  2.72852  2.79414  5.23583  3.94425     21 - -
          2.68618  4.42225  2.77519  2.73123  3.46354  2.40513  3.72494  3.29354  2.67741  2.69355  4.24690  2.90347  2.73739  3.18146  2.89801  2.37887  2.77519  2.98518  4.58477  3.61503
          0.02902  3.94999  4.67233  0.61958  0.77255  0.48576  0.95510
     22   3.02642  4.43173  4.67116  4.12148  3.29244  4.38506  4.77758  1.41590  4.00133  1.46286  2.99054  4.38119  4.64107  4.20866  4.18573  3.72769  3.33048  1.71605  5.26139  4.12637     22 - -
          2.68618  4.42225  2.77519  2.73123  3.46354  2.40513  3.72494  3.29354  2.67741  2.69355  4.24690  2.90347  2.73739  3.18146  2.89801  2.37887  2.77519  2.98518  4.58477  3.61503
          0.02902  3.94999  4.67233  0.61958  0.77255  0.48576  0.95510
     23   2.75963  5.08742  2.08737  2.08777  4.46842  1.76763  3.73291  3.93158  2.66462  3.49656  4.33539  2.76790  3.80540  2.90282  3.10198  2.72458  3.05311  3.54217  5.69291  4.28346     23 - -
          2.68618  4.42225  2.77519  2.73123  3.46354  2.40513  3.72494  3.29354  2.67741  2.69355  4.24690  2.90347  2.73739  3.18146  2.89801  2.37887  2.77519  2.98518  4.58477  3.61503
          0.02902  3.94999  4.67233  0.61958  0.77255  0.48576  0.95510
     24   2.77813  5.07525  2.99681  2.28435  4.43545  3.47146  3.57024  3.84061  1.91577  3.33035  4.14208  2.96258  3.76593  2.12056  2.06795  2.75952  2.93585  3.48080  5.44801  4.15890     24 - -
          2.68618  4.42225  2.77519  2.73123  3.46354  2.40513  3.72494  3.29354  2.67741  2.69355  4.24690  2.90347  2.73739  3.18146  2.89801  2.37887  2.77519  2.98518  4.58477  3.61503
          0.02902  3.94999  4.67233  0.61958  0.77255  0.48576  0.95510
     25   2.53749  4.74582  2.99148  2.46416  4.04074  3.24102  3.55779  3.44700  2.26312  3.04749  3.87219  2.96196  3.54490  2.74969  2.36879  2.53518  2.27982  3.12381  5.28128  3.97221     25 - -
          2.68618  4.42225  2.77519  2.73123  3.46354  2.40513  3.72494  3.29354  2.67741  2.69355  4.24690  2.90347  2.73739  3.18146  2.89801  2.37887  2.77519  2.98518  4.58477  3.61503
          0.02902  3.94999  4.67233  0.61958  0.77255  0.48576  0.95510
     26   2.74320  4.41467  3.55600  3.04698  3.14555  3.66747  3.56990  2.76226  2.80666  1.49700  3.36570  3.41333  4.05131  3.04212  3.07957  2.97275  2.97547  2.59283  4.71877  3.24723     26 - -
          2.68618  4.42225  2.77519  2.73123  3.46354  2.40513  3.72494  3.29354  2.67741  2.69355  4.24690  2.90347  2.73739  3.18146  2.89801  2.37887  2.77519  2.98518  4.58477  3.61503
          0.02902  3.94999  4.67233  0.61958  0.77255  0.48576  0.95510
     27   3.29506  4.73036  4.15088  3.76484  2.24469  4.00098  3.61285  3.20695  3.46320  2.60089  3.81230  3.84045  4.40650  3.78290  3.61938  3.46193  3.54761  3.10264  1.24163  2.13201     27 - -
          2.68618  4.42225  2.77519  2.73123  3.46354  2.40513  3.72494  3.29354  2.67741  2.69355  4.24690  2.90347  2.73739  3.18146  2.89801  2.37887  2.77519  2.98518  4.58477  3.61503
          0.02902  3.94999  4.67233  0.61958  0.77255  0.48576  0.95510
     28   2.67623  0.79593  4.21310  3.97056  3.94433  3.28264  4.60062  3.10124  3.79797  3.01316  4.13706  3.93688  3.99570  4.14091  3.90855  2.94800  3.14953  2.84056  5.34391  4.23142     28 - -
          2.68618  4.42225  2.77519  2.73123  3.46354  2.40513  3.72494  3.29354  2.67741  2.69355  4.24690  2.90347  2.73739  3.18146  2.89801  2.37887  2.77519  2.98518  4.58477  3.61503
          0.02902  3.94999  4.67233  0.61958  0.77255  0.48576  0.95510
     29   2.78760  5.16550  1.41302  2.17736  4.48685  3.20787  3.52351  4.03938  2.70422  3.58478  4.42825  2.73916  3.80600  2.91212  3.24343  2.29180  3.08804  3.63187  5.73120  4.27339     29 - -
          2.68618  4.42225  2.77519  2.73123  3.46354  2.40513  3.72494  3.29354  2.67741  2.69355  4.24690  2.90347  2.73739  3.18146  2.89801  2.37887  2.77519  2.98518  4.58477  3.61503
          0.02902  3.94999  4.67233  0.61958  0.77255  0.48576  0.95510
     30   3.46644  4.81322  4.21103  3.93642  2.74838  3.81809  3.99731  3.49352  3.65705  2.87494  4.12371  4.06987  4.34234  4.04066  3.77170  3.66939  3.77080  3.38601  0.74250  2.74646     30 - -
          2.68618  4.42225  2.77519  2.73123  3.46354  2.40513  3.72494  3.29354  2.67741  2.69355  4.24690  2.90347  2.73739  3.18146  2.89801  2.37887  2.77519  2.98518  4.58477  3.61503
          0.02902  3.94999  4.67233  0.61958  0.77255  0.48576  0.95510
     31   2.66430  5.17655  1.95856  1.96665  4.50801  2.32333  3.67483  3.98325  2.58058  3.51291  4.32364  2.62773  3.78792  2.82321  3.11660  2.60911  2.91045  3.57950  5.69683  4.26333     31 - -
          2.68618  4.42225  2.77519  2.73123  3.46354  2.40513  3.72494  3.29354  2.67741  2.69355  4.24690  2.90347  2.73739  3.18146  2.89801  2.37887  2.77519  2.98518  4.58477  3.61503
          0.02902  3.94999  4.67233  0.61958  0.77255  0.48576  0.95510
     32   2.67748  5.09946  2.35483  2.02512  4.41117  3.33431  3.58872  3.86863  1.89542  3.29489  4.16485  2.81067  3.78340  2.64719  2.72987  2.63946  2.84655  3.47477  5.53644  4.14937     32 - -
          2.68618  4.42225  2.77519  2.73123  3.46354  2.40513  3.72494  3.29354  2.67741  2.69355  4.24690  2.90347  2.73739  3.18146  2.89801  2.37887  2.77519  2.98518  4.58477  3.61503
          0.02902  3.94999  4.67233  0.61958  0.77255  0.48576  0.95510
     33   2.45532  4.30044  3.49779  3.25375  4.03817  3.13706  4.26504  3.17478  3.19825  3.03551  4.08131  3.45047  3.84703  3.58926  3.45302  2.65748  1.04702  2.86144  5.46917  4.25490     33 - -
          2.68618  4.42225  2.77519  2.73123  3.46354  2.40513  3.72494  3.29354  2.67741  2.69355  4.24690  2.90347  2.73739  3.18146  2.89801  2.37887  2.77519  2.98518  4.58477  3.61503
          0.02902  3.94999  4.67233  0.61958  0.77255  0.48576  0.95510
     34   2.80636  4.32959  4.53987  3.98694  3.29825  4.24650  4.64528  1.46516  3.88770  1.84373  2.95891  4.23631  4.53976  4.11126  4.08829  3.57559  3.21083  1.49078  5.21673  4.04941     34 - -
          2.68618  4.42225  2.77519  2.73123  3.46354  2.40513  3.72494  3.29354  2.67741  2.69355  4.24690  2.90347  2.73739  3.18146  2.89801  2.37887  2.77519  2.98518  4.58477  3.61503
          0.02902  3.94999  4.67233  0.61958  0.77255  0.48576  0.95510
     35   2.61524  5.00439  2.59382  2.07056  4.30245  2.50578  3.59537  3.74932  2.28895  3.29030  4.08361  2.82846  3.61133  2.70291  2.54825  2.58526  2.88311  3.37471  5.47480  4.09876     35 - -
          2.68618  4.42225  2.77519  2.73123  3.46354  2.40513  3.72494  3.29354  2.67741  2.69355  4.24690  2.90347  2.73739  3.18146  2.89801  2.37887  2.77519  2.98518  4.58477  3.61503
          0.02902  3.94999  4.67233  0.61958  0.77255  0.48576  0.95510
     36   2.54184  4.34965  3.30415  2.74150  3.38964  3.48075  3.73314  2.75990  2.69216  2.46617  3.45670  3.17577  3.69216  3.01843  3.00549  2.17450  2.47818  2.63393  4.69130  3.58768     36 - -
          2.68618  4.42225  2.77519  2.73123  3.46354  2.40513  3.72494  3.29354  2.67741  2.69355  4.24690  2.90347  2.73739  3.18146  2.89801  2.37887  2.77519  2.98518  4.58477  3.61503
          0.02902  3.94999  4.67233  0.61958  0.77255  0.48576  0.95510
     37   3.36004  4.81760  3.95303  3.69719  2.29826  3.92071  3.65633  3.35852  3.55248  2.79240  4.02557  3.81956  4.39286  3.83989  3.72021  3.48893  3.64715  3.23277  3.94491  0.84605     37 - -
          2.68618  4.42225  2.77519  2.73123  3.46354  2.40513  3.72494  3.29354  2.67741  2.69355  4.24690  2.90347  2.73739  3.18146  2.89801  2.37887  2.77519  2.98518  4.58477  3.61503
          0.02902  3.94999  4.67233  0.61958  0.77255  0.48576  0.95510
     38   2.57931  4.57805  2.93778  2.30448  3.97845  2.48231  3.60477  3.38788  2.33188  2.99730  3.82058  2.94404  3.79544  2.73550  2.57689  2.56595  2.81067  3.07441  4.61084  3.92469     38 - -
          2.68618  4.42225  2.77519  2.73123  3.46354  2.40513  3.72494  3.29354  2.67741  2.69355  4.24690  2.90347  2.73739  3.18146  2.89801  2.37887  2.77519  2.98518  4.58477  3.61503
          0.02902  3.94999  4.67233  0.61958  0.77255  0.48576  0.95510
     39   2.81115  5.24973  2.16181  1.35448  4.55729  3.09843  3.70035  4.03187  2.61831  3.56853  4.40019  2.72533  3.80912  2.80788  3.14478  2.68562  3.08557  3.56416  5.74971  4.30768     39 - -
          2.68618  4.42225  2.77519  2.73123  3.46354  2.40513  3.72494  3.29354  2.67741  2.69355  4.24690  2.90347  2.73739  3.18146  2.89801  2.37887  2.77519  2.98518  4.58477  3.61503
          0.02902  3.94999  4.67233  0.61958  0.77255  0.48576  0.95510
     40   3.15483  4.61816  4.37930  3.95011  3.10899  4.16155  4.59158  2.22713  3.71049  0.90159  3.04891  4.21138  4.53556  4.03343  3.89030  3.59881  3.43791  2.22043  5.08493  3.82792     40 - -
          2.68618  4.42225  2.77519  2.73123  3.46354  2.40513  3.72494  3.29354  2.67741  2.69355  4.24690  2.90347  2.73739  3.18146  2.89801  2.37887  2.77519  2.98518  4.58477  3.61503
          0.02902  3.94999  4.67233  0.61958  0.77255  0.48576  0.95510
     41   2.40297  4.35258  3.32447  2.80015  3.66137  3.35458  3.79584  2.98397  2.67644  2.72805  3.61571  3.19079  3.83786  3.06307  2.92549  2.54655  1.78587  2.74988  4.62154  3.80228     41 - -
          2.68618  4.42225  2.77519  2.73123  3.46354  2.40513  3.72494  3.29354  2.67741  2.69355  4.24690  2.90347  2.73739  3.18146  2.89801  2.37887  2.77519  2.98518  4.58477  3.61503
          0.02902  3.94999  4.67233  0.61958  0.77255  0.48576  0.95510
     42   2.77341  5.22669  1.91926  2.12274  4.48744  3.26311  3.53944  3.98590  2.51981  3.50978  4.32421  1.88348  3.79809  2.81191  3.07660  2.70873  3.03277  3.59251  5.67677  3.98573     42 - -
          2.68618  4.42225  2.77519  2.73123  3.46354  2.40513  3.72494  3.29354  2.67741  2.69355  4.24690  2.90347  2.73739  3.18146  2.89801  2.37887  2.77519  2.98518  4.58477  3.61503
          0.02902  3.94999  4.67233  0.61958  0.77255  0.48576  0.95510
     43   2.67623  0.79593  4.21310  3.97056  3.94433  3.28264  4.60062  3.10124  3.79797  3.01316  4.13706  3.93688  3.99570  4.14091  3.90855  2.94800  3.14953  2.84056  5.34391  4.23142     43 - -
          2.68618  4.42225  2.77519  2.73123  3.46354  2.40513  3.72494  3.29354  2.67741  2.69355  4.24690  2.90347  2.73739  3.18146  2.89801  2.37887  2.77519  2.98518  4.58477  3.61503
          0.02902  3.94999  4.67233  0.61958  0.77255  0.48576  0.95510
     44   2.45532  4.30044  3.49779  3.25375  4.03817  3.13706  4.26504  3.17478  3.19825  3.03551  4.08131  3.45047  3.84703  3.58926  3.45302  2.65748  1.04702  2.86144  5.46917  4.25490     44 - -
          2.68618  4.42225  2.77519  2.73123  3.46354  2.40513  3.72494  3.29354  2.67741  2.69355  4.24690  2.90347  2.73739  3.18146  2.89801  2.37887  2.77519  2.98518  4.58477  3.61503
          0.02902  3.94999  4.67233  0.61958  0.77255  0.48576  0.95510
     45   2.38988  4.45245  3.19034  2.58398  3.27100  3.41990  3.55160  2.97747  2.47966  2.60370  3.48359  3.09208  3.84292  2.84056  2.60880  2.64100  2.78012  2.70713  4.68168  3.40645     45 - -
          2.68618  4.42225  2.77519  2.73123  3.46354  2.40513  3.72494  3.29354  2.67741  2.69355  4.24690  2.90347  2.73739  3.18146  2.89801  2.37887  2.77519  2.98518  4.58477  3.61503
          0.02902  3.94999  4.67233  0.61958  0.77255  0.48576  0.95510
     46   2.55559  4.50851  3.07749  2.60865  3.44418  3.46318  2.99119  3.06659  2.56207  2.25597  3.59969  3.02385  3.85102  2.65357  2.96609  2.69631  2.80788  2.80816  4.96777  3.33890     46 - -
          2.68618  4.42225  2.77519  2.73123  3.46354  2.40513  3.72494  3.29354  2.67741  2.69355  4.24690  2.90347  2.73739  3.18146  2.89801  2.37887  2.77519  2.98518  4.58477  3.61503
          0.02902  3.94999  4.67233  0.61958  0.77255  0.48576  0.95510
     47   2.99229  4.37825  4.64439  4.11427  3.47584  4.35726  4.83187  1.52785  4.00127  1.91767  3.22852  4.36836  4.65409  4.26132  4.21538  3.71249  3.29258  1.18513  5.39726  4.20832     47 - -
          2.68618  4.42225  2.77519  2.73123  3.46354  2.40513  3.72494  3.29354  2.67741  2.69355  4.24690  2.90347  2.73739  3.18146  2.89801  2.37887  2.77519  2.98518  4.58477  3.61503
          0.02902  3.94999  4.67233  0.61958  0.77255  0.48576  0.95510
     48   1.41499  4.25791  3.62638  3.15834  3.72380  3.32197  4.10680  2.57068  3.05396  2.59373  3.41333  3.43075  3.90991  3.40562  3.36471  2.70189  2.74623  2.39296  5.25949  4.02674     48 - -
          2.68618  4.42225  2.77519  2.73123  3.46354  2.40513  3.72494  3.29354  2.67741  2.69355  4.24690  2.90347  2.73739  3.18146  2.89801  2.37887  2.77519  2.98518  4.58477  3.61503
          0.02902  3.94999  4.67233  0.61958  0.77255  0.48576  0.95510
     49   2.54319  4.89665  2.74773  2.03415  4.17059  3.16693  3.45904  3.60810  2.29958  2.92302  3.89226  2.74761  3.76414  2.61967  2.76904  2.53809  2.77862  3.17713  5.37249  4.01009     49 - -
          2.68618  4.42225  2.77519  2.73123  3.46354  2.40513  3.72494  3.29354  2.67741  2.69355  4.24690  2.90347  2.73739  3.18146  2.89801  2.37887  2.77519  2.98518  4.58477  3.61503
          0.02902  3.94999  4.67233  0.61958  0.77255  0.48576  0.95510
     50   2.72958  4.99023  3.08077  2.44197  4.32277  3.47661  3.49239  3.72657  1.75610  3.13089  3.89323  2.86215  3.85419  2.47359  2.12897  2.68787  2.90571  3.37928  5.38625  4.09725     50 - -
          2.68618  4.42225  2.77519  2.73123  3.46354  2.40513  3.72494  3.29354  2.67741  2.69355  4.24690  2.90347  2.73739  3.18146  2.89801  2.37887  2.77519  2.98518  4.58477  3.61503
          0.02902  3.94999  4.67233  0.61958  0.77255  0.48576  0.95510
     51   3.10042  4.49253  4.53543  3.96935  3.13242  4.30356  4.62316  2.01187  3.83898  1.11988  2.47999  4.25880  4.55172  4.03090  4.02569  3.62728  3.22864  2.03030  5.11233  4.01293     51 - -
          2.68618  4.42225  2.77519  2.73123  3.46354  2.40513  3.72494  3.29354  2.67741  2.69355  4.24690  2.90347  2.73739  3.18146  2.89801  2.37887  2.77519  2.98518  4.58477  3.61503
          0.02902  3.94999  4.67233  0.61958  0.77255  0.48576  0.95510
     52   2.59089  5.03323  2.24834  2.21945  4.21294  2.63655  3.43589  3.78227  2.37996  3.31854  4.10584  2.52795  3.76809  2.69029  2.78735  2.61162  2.84795  3.39871  5.50187  4.10844     52 - -
          2.68618  4.42225  2.77519  2.73123  3.46354  2.40513  3.72494  3.29354  2.67741  2.69355  4.24690  2.90347  2.73739  3.18146  2.89801  2.37887  2.77519  2.98518  4.58477  3.61503
          0.02902  3.94999  4.67233  0.61958  0.77255  0.48576  0.95510
     53   2.67623  0.79593  4.21310  3.97056  3.94433  3.28264  4.60062  3.10124  3.79797  3.01316  4.13706  3.93688  3.99570  4.14091  3.90855  2.94800  3.14953  2.84056  5.34391  4.23142     53 - -
          2.68618  4.42225  2.77519  2.73123  3.46354  2.40513  3.72494  3.29354  2.67741  2.69355  4.24690  2.90347  2.73739  3.18146  2.89801  2.37887  2.77519  2.98518  4.58477  3.61503
          0.02902  3.94999  4.67233  0.61958  0.77255  0.48576  0.95510
     54   3.11905  4.63965  4.31912  3.91267  1.34762  4.13305  3.53824  3.02264  3.78442  2.46045  3.65843  3.89105  4.47246  3.88359  3.91290  3.47367  3.49890  2.92267  3.75603  1.53936     54 - -
          2.68618  4.42225  2.77519  2.73123  3.46354  2.40513  3.72494  3.29354  2.67741  2.69355  4.24690  2.90347  2.73739  3.18146  2.89801  2.37887  2.77519  2.98518  4.58477  3.61503
          0.02902  3.94999  4.67233  0.61958  0.77255  0.48576  0.95510
     55   3.46644  4.81322  4.21103  3.93642  2.74838  3.81809  3.99731  3.49352  3.65705  2.87494  4.12371  4.06987  4.34234  4.04066  3.77170  3.66939  3.77080  3.38601  0.74250  2.74646     55 - -
          2.68618  4.42225  2.77519  2.73123  3.46354  2.40513  3.72494  3.29354  2.67741  2.69355  4.24690  2.90347  2.73739  3.18146  2.89801  2.37887  2.77519  2.98518  4.58477  3.61503
          0.02902  3.94999  4.67233  0.61958  0.77255  0.48576  0.95510
     56   2.85621  4.60044  3.47179  3.32216  4.31034  3.28358  4.39310  3.87586  3.38612  3.49424  4.54754  3.62096  0.69535  3.77255  3.62271  3.02617  3.30392  3.51237  5.47548  4.43213     56 - -
          2.68618  4.42225  2.77519  2.73123  3.46354  2.40513  3.72494  3.29354  2.67741  2.69355  4.24690  2.90347  2.73739  3.18146  2.89801  2.37887  2.77519  2.98518  4.58477  3.61503
          0.02902  3.94999  4.67233  0.61958  0.77255  0.48576  0.95510
     57   2.56388  4.67151  2.61605  2.47615  4.34370  2.90483  3.87601  3.87833  2.76835  3.49485  4.34711  1.40529  3.77618  3.08562  3.17796  2.48811  2.95263  3.42225  5.62439  4.25762     57 - -
          2.68618  4.42225  2.77519  2.73123  3.46354  2.40513  3.72494  3.29354  2.67741  2.69355  4.24690  2.90347  2.73739  3.18146  2.89801  2.37887  2.77519  2.98518  4.58477  3.61503
          0.02902  3.94999  4.67233  0.61958  0.77255  0.48576  0.95510
     58   2.18543  4.76560  2.99889  2.46076  4.04652  3.40233  3.53797  3.45241  2.30744  3.04935  3.87380  2.96070  3.39614  2.51739  2.35224  2.64571  2.78385  3.06167  5.27983  3.97034     58 - -
          2.68618  4.42225  2.77519  2.73123  3.46354  2.40513  3.72494  3.29354  2.67741  2.69355  4.24690  2.90347  2.73739  3.18146  2.89801  2.37887  2.77519  2.98518  4.58477  3.61503
          0.02902  3.94999  4.67233  0.61958  0.77255  0.48576  0.95510
     59   2.35211  4.45430  3.22665  2.30445  3.61255  3.48702  3.72243  2.84821  2.61266  2.22748  3.37606  3.13319  3.87426  2.92285  2.97466  2.72519  2.80996  2.60517  5.02327  3.76055     59 - -
          2.68618  4.42225  2.77519  2.73123  3.46354  2.40513  3.72494  3.29354  2.67741  2.69355  4.24690  2.90347  2.73739  3.18146  2.89801  2.37887  2.77519  2.98518  4.58477  3.61503
          0.02902  3.94999  4.67233  0.61958  0.77255  0.48576  0.95510
     60   2.92047  4.38025  4.40016  3.97007  3.53255  4.02429  4.73640  1.83339  3.81628  2.13623  3.42536  4.17672  4.48860  4.15269  4.03735  3.44639  3.23860  1.01430  5.41068  4.14314     60 - -
          2.68618  4.42225  2.77519  2.73123  3.46354  2.40513  3.72494  3.29354  2.67741  2.69355  4.24690  2.90347  2.73739  3.18146  2.89801  2.37887  2.77519  2.98518  4.58477  3.61503
          0.02902  3.94999  4.67233  0.61958  0.77255  0.48576  0.95510
     61   2.90324  5.34626  1.16488  2.12612  4.58593  3.19328  3.65002  4.21721  2.81305  3.74816  4.62387  2.54820  3.83117  2.96572  3.38555  2.81416  3.21311  3.80171  5.84177  4.33831     61 - -
          2.68618  4.42225  2.77519  2.73123  3.46354  2.40513  3.72494  3.29354  2.67741  2.69355  4.24690  2.90347  2.73739  3.18146  2.89801  2.37887  2.77519  2.98518  4.58477  3.61503
          0.02902  3.94999  4.67233  0.61958  0.77255  0.48576  0.95510
     62   2.67771  5.05823  2.75100  1.98886  4.38698  3.39360  3.57698  3.81975  1.88557  3.32921  4.12506  2.87994  3.81351  2.66662  2.33852  2.67667  2.82270  3.44405  5.47521  4.13307     62 - -
          2.68618  4.42225  2.77519  2.73123  3.46354  2.40513  3.72494  3.29354  2.67741  2.69355  4.24690  2.90347  2.73739  3.18146  2.89801  2.37887  2.77519  2.98518  4.58477  3.61503
          0.02902  3.94999  4.67233  0.61958  0.77255  0.48576  0.95510
     63   3.28955  4.67128  4.45490  4.05779  1.19273  4.21141  3.92481  2.58354  3.90650  1.78673  3.29588  4.11613  4.55608  4.04692  4.03265  3.61753  3.54689  2.61357  4.15732  2.52898     63 - -
          2.68618  4.42225  2.77519  2.73123  3.46354  2.40513  3.72494  3.29354  2.67741  2.69355  4.24690  2.90347  2.73739  3.18146  2.89801  2.37887  2.77519  2.98518  4.58477  3.61503
          0.02902  3.94999  4.67233  0.61958  0.77255  0.48576  0.95510
     64   3.35776  4.73690  4.34493  4.07440  0.89296  4.02889  3.91288  2.87218  3.97954  2.22451  3.59106  4.10690  4.48593  4.12624  4.08012  3.62355  3.65903  2.86852  4.13947  2.49698     64 - -
          2.68618  4.42225  2.77519  2.73123  3.46354  2.40513  3.72494  3.29354  2.67741  2.69355  4.24690  2.90347  2.73739  3.18146  2.89801  2.37887  2.77519  2.98518  4.58477  3.61503
          0.02902  3.94999  4.67233  0.61958  0.77255  0.48576  0.95510
     65   3.04915  4.37946  4.67221  4.13052  3.41366  4.37482  4.81130  1.41649  4.02234  1.79701  3.08379  4.38047  4.65025  4.25430  4.22063  3.72159  3.23531  1.36941  5.34026  4.17489     65 - -
          2.68618  4.42225  2.77519  2.73123  3.46354  2.40513  3.72494  3.29354  2.67741  2.69355  4.24690  2.90347  2.73739  3.18146  2.89801  2.37887  2.77519  2.98518  4.58477  3.61503
          0.02902  3.94999  4.67233  0.61958  0.77255  0.48576  0.95510
     66   1.84735  4.53781  3.05214  2.57683  3.95560  3.15884  3.72226  3.35267  2.53665  2.99335  3.83279  2.87914  3.78409  2.80655  2.73057  2.51264  2.57016  2.98344  5.26173  3.97414     66 - -
          2.68618  4.42225  2.77519  2.73123  3.46354  2.40513  3.72494  3.29354  2.67741  2.69355  4.24690  2.90347  2.73739  3.18146  2.89801  2.37887  2.77519  2.98518  4.58477  3.61503
          0.02902  3.94999  4.67233  0.61958  0.77255  0.48576  0.95510
     67   3.05336  4.39329  4.66855  4.15854  3.49804  4.36366  4.88561  1.51491  4.03728  1.96826  3.31839  4.40311  4.67823  4.31135  4.25087  3.73641  3.31634  1.12909  5.44174  4.23289     67 - -
          2.68618  4.42225  2.77519  2.73123  3.46354  2.40513  3.72494  3.29354  2.67741  2.69355  4.24690  2.90347  2.73739  3.18146  2.89801  2.37887  2.77519  2.98518  4.58477  3.61503
          0.02902  3.94999  4.67233  0.61958  0.77255  0.48576  0.95510
     68   3.08179  4.88509  3.20329  2.97130  3.34043  3.51424  0.98898  3.79668  2.81231  3.28081  4.33001  3.37739  4.07118  3.33862  3.07324  3.15185  3.38790  3.53034  4.80442  3.28917     68 - -
          2.68618  4.42225  2.77519  2.73123  3.46354  2.40513  3.72494  3.29354  2.67741  2.69355  4.24690  2.90347  2.73739  3.18146  2.89801  2.37887  2.77519  2.98518  4.58477  3.61503
          0.02902  3.94999  4.67233  0.61958  0.77255  0.48576  0.95510
     69   2.82481  5.07253  3.14021  2.54782  4.44426  3.40408  3.20935  3.83554  1.78389  3.31824  4.14098  3.02080  3.90039  2.29379  1.86885  2.77600  3.01904  3.48883  5.42090  4.16370     69 - -
          2.68618  4.42225  2.77519  2.73123  3.46354  2.40513  3.72494  3.29354  2.67741  2.69355  4.24690  2.90347  2.73739  3.18146  2.89801  2.37887  2.77519  2.98518  4.58477  3.61503
          0.02902  3.94999  4.67233  0.61958  0.77255  0.48576  0.95510
     70   2.62669  4.87424  2.78331  2.40336  4.12090  3.40492  2.56511  3.44626  2.28347  3.02467  3.94463  2.91908  3.80192  2.50929  2.40910  2.63937  2.85248  3.22911  5.32307  3.98421     70 - -
          2.68618  4.42225  2.77519  2.73123  3.46354  2.40513  3.72494  3.29354  2.67741  2.69355  4.24690  2.90347  2.73739  3.18146  2.89801  2.37887  2.77519  2.98518  4.58477  3.61503
          0.02902  3.94999  4.67233  0.61958  0.77255  0.48576  0.95510
     71   3.36004  4.81760  3.95303  3.69719  2.29826  3.92071  3.65633  3.35852  3.55248  2.79240  4.02557  3.81956  4.39286  3.83989  3.72021  3.48893  3.64715  3.23277  3.94491  0.84605     71 - -
          2.68618  4.42225  2.77519  2.73123  3.46354  2.40513  3.72494  3.29354  2.67741  2.69355  4.24690  2.90347  2.73739  3.18146  2.89801  2.37887  2.77519  2.98518  4.58477  3.61503
          0.02902  3.94999  4.67233  0.61958  0.77255  0.48576  0.95510
     72   3.35776  4.73690  4.34493  4.07440  0.89296  4.02889  3.91288  2.87218  3.97954  2.22451  3.59106  4.10690  4.48593  4.12624  4.08012  3.62355  3.65903  2.86852  4.13947  2.49698     72 - -
          2.68618  4.42225  2.77519  2.73123  3.46354  2.40513  3.72494  3.29354  2.67741  2.69355  4.24690  2.90347  2.73739  3.18146  2.89801  2.37887  2.77519  2.98518  4.58477  3.61503
          0.02902  3.94999  4.67233  0.61958  0.77255  0.48576  0.95510
     73   2.74934  4.97017  3.10375  2.51648  4.28201  3.49079  3.04803  3.69218  1.88895  3.21852  4.04059  2.95836  3.86993  2.66060  1.90352  2.61538  2.95459  3.35719  5.36159  3.84017     73 - -
          2.68618  4.42225  2.77519  2.73123  3.46354  2.40513  3.72494  3.29354  2.67741  2.69355  4.24690  2.90347  2.73739  3.18146  2.89801  2.37887  2.77519  2.98518  4.58477  3.61503
          0.02902  3.94999  4.67233  0.61958  0.77255  0.48576  0.95510
     74   2.66004  5.12668  2.24392  2.19000  4.43171  3.28068  3.64135  3.89728  2.38725  3.42880  4.23216  2.04391  3.78652  2.66958  2.99254  2.30571  2.96927  3.50703  5.61030  4.19911     74 - -
          2.68618  4.42225  2.77519  2.73123  3.46354  2.40513  3.72494  3.29354  2.67741  2.69355  4.24690  2.90347  2.73739  3.18146  2.89801  2.37887  2.77519  2.98518  4.58477  3.61503
          0.02902  3.94999  4.67233  0.61958  0.77255  0.48576  0.95510
     75   2.67623  0.79593  4.21310  3.97056  3.94433  3.28264  4.60062  3.10124  3.79797  3.01316  4.13706  3.93688  3.99570  4.14091  3.90855  2.94800  3.14953  2.84056  5.34391  4.23142     75 - -
          2.68618  4.42225  2.77519  2.73123  3.46354  2.40513  3.72494  3.29354  2.67741  2.69355  4.24690  2.90347  2.73739  3.18146  2.89801  2.37887  2.77519  2.98518  4.58477  3.61503
          0.02902  3.94999  4.67233  0.61958  0.77255  0.48576  0.95510
     76   2.03882  4.25110  3.20742  2.88831  4.20639  2.99634  4.03156  3.60830  2.95248  3.28591  4.12026  3.16897  2.03790  3.26836  3.30979  1.77577  2.71949  3.12524  5.53418  4.28400     76 - -
          2.68618  4.42225  2.77519  2.73123  3.46354  2.40513  3.72494  3.29354  2.67741  2.69355  4.24690  2.90347  2.73739  3.18146  2.89801  2.37887  2.77519  2.98518  4.58477  3.61503
          0.02902  3.94999  4.67233  0.61958  0.77255  0.48576  0.95510
     77   2.48348  4.19952  3.67945  3.11323  3.34385  3.62721  3.93370  2.32929  2.99338  2.10192  3.19550  3.46151  3.36556  3.32680  3.33465  2.87836  2.77404  1.89886  4.85956  3.64396     77 - -
          2.68618  4.42225  2.77519  2.73123  3.46354  2.40513  3.72494  3.29354  2.67741  2.69355  4.24690  2.90347  2.73739  3.18146  2.89801  2.37887  2.77519  2.98518  4.58477  3.61503
          0.02902  3.94999  4.67233  0.61958  0.77255  0.48576  0.95510
     78   2.30246  4.23478  3.32744  2.97160  3.79283  3.05045  4.03696  3.36454  2.97155  3.11126  3.99675  3.23235  3.72871  3.30476  3.30670  1.35883  2.34321  2.96297  5.39929  4.12523     78 - -
          2.68618  4.42225  2.77519  2.73123  3.46354  2.40513  3.72494  3.29354  2.67741  2.69355  4.24690  2.90347  2.73739  3.18146  2.89801  2.37887  2.77519  2.98518  4.58477  3.61503
          0.02902  3.94999  4.67233  0.61958  0.77255  0.48576  0.95510
     79   2.76316  4.53072  3.45279  3.36214  4.50265  0.61893  4.47750  4.12128  3.55395  3.76565  4.74217  3.61709  3.92433  3.87198  3.78131  2.93733  3.25043  3.63464  5.57715  4.60723     79 - -
          2.68618  4.42225  2.77519  2.73123  3.46354  2.40513  3.72494  3.29354  2.67741  2.69355  4.24690  2.90347  2.73739  3.18146  2.89801  2.37887  2.77519  2.98518  4.58477  3.61503
          0.02902  3.94999  4.67233  0.61958  0.77255  0.48576  0.95510
     80   2.98877  4.89887  3.53352  2.97732  4.16482  3.57040  3.77159  3.66946  2.14547  3.08611  4.18563  3.33608  4.03663  2.97156  1.06014  3.06348  3.23522  3.40721  5.30130  4.07944     80 - -
          2.68618  4.42225  2.77519  2.73123  3.46354  2.40513  3.72494  3.29354  2.67741  2.69355  4.24690  2.90347  2.73739  3.18146  2.89801  2.37887  2.77519  2.98518  4.58477  3.61503
          0.02902  3.94999  4.67233  0.61958  0.77255  0.48576  0.95510
     81   1.77680  4.32908  3.34879  2.82424  3.66020  3.35520  3.82407  2.94330  2.73393  2.47505  3.43362  3.21037  3.84266  3.09451  2.99097  2.47525  2.68135  2.67933  5.07285  3.82549     81 - -
          2.68618  4.42225  2.77519  2.73123  3.46354  2.40513  3.72494  3.29354  2.67741  2.69355  4.24690  2.90347  2.73739  3.18146  2.89801  2.37887  2.77519  2.98518  4.58477  3.61503
          0.02902  3.94999  4.67233  0.61958  0.77255  0.48576  0.95510
     82   2.71380  4.30677  4.04835  3.49737  3.28676  3.87100  4.24705  2.20621  3.37086  1.48055  3.04894  3.79951  3.84197  3.65770  3.62256  3.18228  3.04001  1.79293  5.01056  3.82632     82 - -
          2.68618  4.42225  2.77519  2.73123  3.46354  2.40513  3.72494  3.29354  2.67741  2.69355  4.24690  2.90347  2.73739  3.18146  2.89801  2.37887  2.77519  2.98518  4.58477  3.61503
          0.02902  3.94999  4.67233  0.61958  0.77255  0.48576  0.95510
     83   2.74141  4.96131  3.07056  2.50453  4.26632  3.36551  2.81622  3.68310  2.09987  3.12135  4.03708  2.99139  3.86500  2.32915  1.98306  2.69954  2.95042  3.34806  5.36111  4.07301     83 - -
          2.68618  4.42225  2.77519  2.73123  3.46354  2.40513  3.72494  3.29354  2.67741  2.69355  4.24690  2.90347  2.73739  3.18146  2.89801  2.37887  2.77519  2.98518  4.58477  3.61503
          0.02902  3.94999  4.67233  0.61958  0.77255  0.48576  0.95510
     84   2.96461  5.44498  1.12828  1.95107  4.74489  3.20252  3.79612  4.25431  2.84618  3.80094  4.69053  2.69639  3.84469  2.97961  3.43631  2.85670  3.26805  3.85048  5.94300  4.46472     84 - -
          2.68618  4.42225  2.77519  2.73123  3.46354  2.40513  3.72494  3.29354  2.67741  2.69355  4.24690  2.90347  2.73739  3.18146  2.89801  2.37887  2.77519  2.98518  4.58477  3.61503
          0.02902  3.94999  4.67233  0.61958  0.77255  0.48576  0.95510
     85   2.85621  4.60044  3.47179  3.32216  4.31034  3.28358  4.39310  3.87586  3.38612  3.49424  4.54754  3.62096  0.69535  3.77255  3.62271  3.02617  3.30392  3.51237  5.47548  4.43213     85 - -
          2.68618  4.42225  2.77519  2.73123  3.46354  2.40513  3.72494  3.29354  2.67741  2.69355  4.24690  2.90347  2.73739  3.18146  2.89801  2.37887  2.77519  2.98518  4.58477  3.61503
          0.02902  3.94999  4.67233  0.61958  0.77255  0.48576  0.95510
     86   2.85621  4.60044  3.47179  3.32216  4.31034  3.28358  4.39310  3.87586  3.38612  3.49424  4.54754  3.62096  0.69535  3.77255  3.62271  3.02617  3.30392  3.51237  5.47548  4.43213     86 - -
          2.68618  4.42225  2.77519  2.73123  3.46354  2.40513  3.72494  3.29354  2.67741  2.69355  4.24690  2.90347  2.73739  3.18146  2.89801  2.37887  2.77519  2.98518  4.58477  3.61503
          0.02902  3.94999  4.67233  0.61958  0.77255  0.48576  0.95510
     87   2.55133  4.72144  2.96712  2.43794  3.96337  3.20943  3.46285  3.32934  2.40197  2.95639  3.66727  2.30260  3.79373  2.77706  2.74464  2.33702  2.80926  3.06669  5.23996  3.81867     87 - -
          2.68618  4.42225  2.77519  2.73123  3.46354  2.40513  3.72494  3.29354  2.67741  2.69355  4.24690  2.90347  2.73739  3.18146  2.89801  2.37887  2.77519  2.98518  4.58477  3.61503
          0.02902  3.94999  4.67233  0.61958  0.77255  0.48576  0.95510
     88   2.53645  4.64891  2.98234  2.48478  3.99398  2.91219  3.56682  3.40501  2.45875  2.94147  3.85113  2.73622  3.78340  2.83184  2.71493  2.05989  2.66199  3.00827  5.27465  3.96358     88 - -
          2.68618  4.42225  2.77519  2.73123  3.46354  2.40513  3.72494  3.29354  2.67741  2.69355  4.24690  2.90347  2.73739  3.18146  2.89801  2.37887  2.77519  2.98518  4.58477  3.61503
          0.02902  3.94999  4.67233  0.61958  0.77255  0.48576  0.95510
     89   3.06306  4.40660  4.68825  4.19849  3.49065  4.35407  4.92202  1.17890  4.07229  1.98926  3.30936  4.42914  4.68524  4.34624  4.27639  3.74371  3.33424  1.41717  5.45709  4.25094     89 - -
          2.68618  4.42225  2.77519  2.73123  3.46354  2.40513  3.72494  3.29354  2.67741  2.69355  4.24690  2.90347  2.73739  3.18146  2.89801  2.37887  2.77519  2.98518  4.58477  3.61503
          0.02902  3.94999  4.67233  0.61958  0.77255  0.48576  0.95510
     90   3.24261  4.68205  4.31379  3.95425  3.16608  4.08032  4.58568  2.37466  3.72123  0.78538  3.16531  4.22220  4.50252  4.07102  3.88452  3.66059  3.53343  2.43207  5.07323  3.81436     90 - -
          2.68618  4.42225  2.77519  2.73123  3.46354  2.40513  3.72494  3.29354  2.67741  2.69355  4.24690  2.90347  2.73739  3.18146  2.89801  2.37887  2.77519  2.98518  4.58477  3.61503
          0.02902  3.94999  4.67233  0.61958  0.77255  0.48576  0.95510
     91   2.36077  2.09058  3.65265  3.16056  3.43141  2.78254  3.96019  2.80809  3.06286  2.57107  3.48663  3.40523  3.86171  3.36955  3.33851  2.67410  2.75637  2.55088  4.91123  3.11665     91 - -
          2.68618  4.42225  2.77519  2.73123  3.46354  2.40513  3.72494  3.29354  2.67741  2.69355  4.24690  2.90347  2.73739  3.18146  2.89801  2.37887  2.77519  2.98518  4.58477  3.61503
          0.02902  3.94999  4.67233  0.61958  0.77255  0.48576  0.95510
     92   2.41885  4.35481  3.17702  2.89818  3.99886  3.12161  4.01075  3.35661  2.87261  2.94285  4.03326  3.21064  1.49258  3.27525  3.18560  2.52261  2.75543  3.00019  5.40338  4.10297     92 - -
          2.68618  4.42225  2.77519  2.73123  3.46354  2.40513  3.72494  3.29354  2.67741  2.69355  4.24690  2.90347  2.73739  3.18146  2.89801  2.37887  2.77519  2.98518  4.58477  3.61503
          0.02902  3.94999  4.67233  0.61958  0.77255  0.48576  0.95510
     93   3.30732  4.70204  4.38493  4.05282  1.04826  4.12472  3.86734  2.71967  3.92044  2.02275  3.43962  4.08156  4.52602  4.06333  4.03772  3.59149  3.58842  2.72968  4.09189  2.44109     93 - -
          2.68618  4.42225  2.77519  2.73123  3.46354  2.40513  3.72494  3.29354  2.67741  2.69355  4.24690  2.90347  2.73739  3.18146  2.89801  2.37887  2.77519  2.98518  4.58477  3.61503
          0.02902  3.94999  4.67233  0.61958  0.77255  0.48576  0.95510
     94   3.02729  4.39630  4.57798  4.06746  3.45614  4.28647  4.79616  1.16947  3.92495  1.91565  3.28018  4.31860  4.61706  4.21165  4.13884  3.65549  3.15297  1.60544  5.38304  4.18703     94 - -
          2.68618  4.42225  2.77519  2.73123  3.46354  2.40513  3.72494  3.29354  2.67741  2.69355  4.24690  2.90347  2.73739  3.18146  2.89801  2.37887  2.77519  2.98518  4.58477  3.61503
          0.02902  3.94999  4.67233  0.61958  0.77255  0.48576  0.95510
     95   2.38814  4.22867  3.91155  3.37115  3.43759  3.53098  4.16733  2.19056  3.26582  2.16305  3.13062  3.66966  4.13948  3.56962  3.54179  3.03457  2.93714  1.48846  5.03968  3.82492     95 - -
          2.68618  4.42225  2.77519  2.73123  3.46354  2.40513  3.72494  3.29354  2.67741  2.69355  4.24690  2.90347  2.73739  3.18146  2.89801  2.37887  2.77519  2.98518  4.58477  3.61503
          0.02902  3.94999  4.67233  0.61958  0.77255  0.48576  0.95510
     96   2.68240  4.23850  3.92633  3.39533  3.37433  3.53352  4.16140  2.20800  3.26894  1.83309  3.31452  3.68491  3.89181  3.57965  3.52918  3.05040  2.95233  1.56684  4.99660  3.77600     96 - -
          2.68618  4.42225  2.77519  2.73123  3.46354  2.40513  3.72494  3.29354  2.67741  2.69355  4.24690  2.90347  2.73739  3.18146  2.89801  2.37887  2.77519  2.98518  4.58477  3.61503
          0.02902  3.94999  4.67233  0.61958  0.77255  0.48576  0.95510
     97   2.85621  4.60044  3.47179  3.32216  4.31034  3.28358  4.39310  3.87586  3.38612  3.49424  4.54754  3.62096  0.69535  3.77255  3.62271  3.02617  3.30392  3.51237  5.47548  4.43213     97 - -
          2.68618  4.42225  2.77519  2.73123  3.46354  2.40513  3.72494  3.29354  2.67741  2.69355  4.24690  2.90347  2.73739  3.18146  2.89801  2.37887  2.77519  2.98518  4.58477  3.61503
          0.02902  3.94999  4.67233  0.61958  0.77255  0.48576  0.95510
     98   3.00093  4.36818  4.59551  4.09635  3.52336  4.26572  4.83595  1.21804  3.97442  2.05783  3.34066  4.33089  4.61686  4.25717  4.18993  3.64268  3.13685  1.42355  5.43613  4.23599     98 - -
          2.68618  4.42225  2.77519  2.73123  3.46354  2.40513  3.72494  3.29354  2.67741  2.69355  4.24690  2.90347  2.73739  3.18146  2.89801  2.37887  2.77519  2.98518  4.58477  3.61503
          0.02902  3.94999  4.67233  0.61958  0.77255  0.48576  0.95510
     99   2.89773  4.39052  4.16847  3.61268  3.14188  4.00438  4.34924  2.19189  3.48771  1.26160  2.91626  3.92280  4.33844  3.75223  3.73088  3.31581  2.72987  2.06510  5.03658  3.86696     99 - -
          2.68618  4.42225  2.77519  2.73123  3.46354  2.40513  3.72494  3.29354  2.67741  2.69355  4.24690  2.90347  2.73739  3.18146  2.89801  2.37887  2.77519  2.98518  4.58477  3.61503
          0.02902  3.94999  4.67233  0.61958  0.77255  0.48576  0.95510
    100   2.70030  4.29268  4.22877  3.70802  3.51583  3.95038  4.48209  1.86422  3.58253  2.21444  3.22309  3.97088  4.36115  3.89211  3.83373  3.21131  3.09740  1.18443  5.25605  4.03731    100 - -
          2.68618  4.42225  2.77519  2.73123  3.46354  2.40513  3.72494  3.29354  2.67741  2.69355  4.24690  2.90347  2.73739  3.18146  2.89801  2.37887  2.77519  2.98518  4.58477  3.61503
          0.02902  3.94999  4.67233  0.61958  0.77255  0.48576  0.95510
    101   2.30336  4.23625  3.45468  3.19348  4.04088  3.08395  4.22209  3.12153  3.14490  3.01170  4.02632  3.38197  3.79970  3.52397  3.41344  2.56419  1.18531  2.79406  5.49727  4.26296    101 - -
          2.68618  4.42225  2.77519  2.73123  3.46354  2.40513  3.72494  3.29354  2.67741  2.69355  4.24690  2.90347  2.73739  3.18146  2.89801  2.37887  2.77519  2.98518  4.58477  3.61503
          0.02902  3.94999  4.67233  0.61958  0.77255  0.48576  0.95510
    102   3.16817  4.59944  4.49841  4.00878  3.10793  4.27123  4.64866  2.11250  3.78236  0.93831  2.99635  4.27974  4.58778  4.06753  3.96556  3.65836  3.43208  2.11181  5.11891  3.90247    102 - -
          2.68618  4.42225  2.77519  2.73123  3.46354  2.40513  3.72494  3.29354  2.67741  2.69355  4.24690  2.90347  2.73739  3.18146  2.89801  2.37887  2.77519  2.98518  4.58477  3.61503
          0.02902  3.94999  4.67233  0.61958  0.77255  0.48576  0.95510
    103   3.20996  4.59153  4.62844  4.08392  3.11426  4.40766  4.73020  1.99601  3.89974  0.95886  2.87216  4.37580  4.64850  4.12355  4.08010  3.76014  3.44779  2.06019  5.16161  4.02082    103 - -
          2.68618  4.42225  2.77519  2.73123  3.46354  2.40513  3.72494  3.29354  2.67741  2.69355  4.24690  2.90347  2.73739  3.18146  2.89801  2.37887  2.77519  2.98518  4.58477  3.61503
          0.02902  3.94999  4.67233  0.61958  0.77255  0.48576  0.95510
    104   2.73011  4.34317  4.21030  3.68386  3.31767  3.94233  4.41671  2.10878  3.54557  1.91602  1.97513  3.95177  4.33245  3.82825  3.77646  3.28587  3.12086  1.63950  5.12053  3.94489    104 - -
          2.68618  4.42225  2.77519  2.73123  3.46354  2.40513  3.72494  3.29354  2.67741  2.69355  4.24690  2.90347  2.73739  3.18146  2.89801  2.37887  2.77519  2.98518  4.58477  3.61503
          0.02902  3.94999  4.67233  0.61958  0.77255  0.48576  0.95510
    105   2.45532  4.30044  3.49779  3.25375  4.03817  3.13706  4.26504  3.17478  3.19825  3.03551  4.08131  3.45047  3.84703  3.58926  3.45302  2.65748  1.04702  2.86144  5.46917  4.25490    105 - -
          2.68618  4.42225  2.77519  2.73123  3.46354  2.40513  3.72494  3.29354  2.67741  2.69355  4.24690  2.90347  2.73739  3.18146  2.89801  2.37887  2.77519  2.98518  4.58477  3.61503
          0.02902  3.94999  4.67233  0.61958  0.77255  0.48576  0.95510
    106   1.67360  4.31094  3.35220  2.78525  3.68697  3.19538  3.85717  2.91250  2.78613  2.63271  3.47452  3.22312  3.83939  3.13037  3.14448  2.59172  2.75228  2.49702  5.10472  3.85831    106 - -
          2.68618  4.42225  2.77519  2.73123  3.46354  2.40513  3.72494  3.29354  2.67741  2.69355  4.24690  2.90347  2.73739  3.18146  2.89801  2.37887  2.77519  2.98518  4.58477  3.61503
          0.02902  3.94999  4.67233  0.61958  0.77255  0.48576  0.95510
    107   3.03118  4.55037  4.16295  3.65067  3.12594  4.04178  4.33671  2.33787  3.33580  1.02723  2.96312  3.95533  4.39197  3.73743  3.38680  3.40620  3.28452  2.37102  4.99915  3.75454    107 - -
          2.68618  4.42225  2.77519  2.73123  3.46354  2.40513  3.72494  3.29354  2.67741  2.69355  4.24690  2.90347  2.73739  3.18146  2.89801  2.37887  2.77519  2.98518  4.58477  3.61503
          0.02902  3.94999  4.67233  0.61958  0.77255  0.48576  0.95510
    108   2.61553  4.29188  3.82100  3.36512  3.42070  3.62980  3.90978  2.31980  3.19392  2.32447  3.36732  3.64107  4.11932  3.56995  3.44822  3.00130  2.98146  1.29723  5.04730  3.76117    108 - -
          2.68618  4.42225  2.77519  2.73123  3.46354  2.40513  3.72494  3.29354  2.67741  2.69355  4.24690  2.90347  2.73739  3.18146  2.89801  2.37887  2.77519  2.98518  4.58477  3.61503
          0.02902  3.94999  4.67233  0.61958  0.77255  0.48576  0.95510
    109   2.63586  4.30461  4.17096  3.74613  3.63017  3.78275  4.57440  1.98205  3.61248  2.24235  3.50062  3.95244  4.30633  3.95582  3.85295  3.19344  2.99995  1.10479  5.40555  4.17302    109 - -
          2.68618  4.42225  2.77519  2.73123  3.46354  2.40513  3.72494  3.29354  2.67741  2.69355  4.24690  2.90347  2.73739  3.18146  2.89801  2.37887  2.77519  2.98518  4.58477  3.61503
          0.02902  3.94999  4.67233  0.61958  0.77255  0.48576  0.95510
    110   2.81120  4.15206  3.86731  3.35131  2.76434  3.69343  3.77530  2.85901  2.92561  2.40483  3.52899  3.58470  4.12605  3.44871  3.24706  3.05243  3.07862  2.69185  1.65133  2.82360    110 - -
          2.68618  4.42225  2.77519  2.73123  3.46354  2.40513  3.72494  3.29354  2.67741  2.69355  4.24690  2.90347  2.73739  3.18146  2.89801  2.37887  2.77519  2.98518  4.58477  3.61503
          0.02902  3.94999  4.67233  0.61958  0.77255  0.48576  0.95510
    111   2.82820  4.92621  3.25802  2.66031  4.28176  3.38909  3.60762  3.65795  1.98057  3.19607  3.85680  3.09914  3.93018  2.66296  1.49446  2.79173  3.03289  3.34687  5.33987  4.11010    111 - -
          2.68618  4.42225  2.77519  2.73123  3.46354  2.40513  3.72494  3.29354  2.67741  2.69355  4.24690  2.90347  2.73739  3.18146  2.89801  2.37887  2.77519  2.98518  4.58477  3.61503
          0.02902  3.94999  4.67233  0.61958  0.77255  0.48576  0.95510
    112   2.42078  4.44300  2.91290  2.58661  4.21296  3.09353  3.91023  3.63217  2.78290  3.28734  4.13004  2.92934  3.55424  3.12685  3.16085  1.36908  2.72223  3.19716  5.51580  4.22586    112 - -
          2.68618  4.42225  2.77519  2.73123  3.46354  2.40513  3.72494  3.29354  2.67741  2.69355  4.24690  2.90347  2.73739  3.18146  2.89801  2.37887  2.77519  2.98518  4.58477  3.61503
          0.02902  3.94999  4.67233  0.61958  0.77255  0.48576  0.95510
    113   2.82847  5.06112  3.18574  2.63311  4.44358  3.55415  3.59703  3.81592  1.31819  3.24192  4.16470  3.08003  3.94853  2.55350  2.15182  2.90429  3.09628  3.49369  5.41418  4.18876    113 - -
          2.68618  4.42225  2.77519  2.73123  3.46354  2.40513  3.72494  3.29354  2.67741  2.69355  4.24690  2.90347  2.73739  3.18146  2.89801  2.37887  2.77519  2.98518  4.58477  3.61503
          0.04072  3.94999  3.88034  0.61958  0.77255  0.48576  0.95510
    114   2.78239  4.62553  3.27861  2.65971  4.09659  3.53519  3.25800  3.53369  2.06818  2.96765  3.95559  3.10064  3.91664  2.73637  1.58189  2.79019  2.98872  3.23704  5.24656  3.98444    114 - -
          2.68618  4.42225  2.77519  2.73123  3.46354  2.40513  3.72494  3.29354  2.67741  2.69355  4.24690  2.90347  2.73739  3.18146  2.89801  2.37887  2.77519  2.98518  4.58477  3.61503
          0.02936  3.93863  4.66097  0.61958  0.77255  0.47890  0.96618
    115   2.43630  4.28336  3.10056  2.56180  3.88653  3.24872  3.69060  3.28473  2.52473  2.86819  3.76467  2.96795  3.16169  2.84527  2.75031  2.17463  2.42670  2.96652  5.20517  3.91267    115 - -
          2.68618  4.42225  2.77519  2.73123  3.46354  2.40513  3.72494  3.29354  2.67741  2.69355  4.24690  2.90347  2.73739  3.18146  2.89801  2.37887  2.77519  2.98518  4.58477  3.61503
          0.02902  3.94999  4.67233  0.61958  0.77255  0.48576  0.95510
    116   2.75127  5.15507  2.30302  1.48676  4.45893  2.98402  3.66739  3.92219  2.53948  3.46268  4.28004  2.75688  3.79819  2.68750  3.04604  2.64650  3.01377  3.40544  5.64953  4.23308    116 - -
          2.68618  4.42225  2.77519  2.73123  3.46354  2.40513  3.72494  3.29354  2.67741  2.69355  4.24690  2.90347  2.73739  3.18146  2.89801  2.37887  2.77519  2.98518  4.58477  3.61503
          0.02902  3.94999  4.67233  0.61958  0.77255  0.48576  0.95510
    117   2.40469  4.41200  2.95211  2.65224  4.22157  1.52485  3.93108  3.63029  2.79697  3.28381  4.12714  3.07338  3.54754  3.15195  3.04278  2.46654  2.63220  3.18975  5.52176  4.24917    117 - -
          2.68618  4.42225  2.77519  2.73123  3.46354  2.40513  3.72494  3.29354  2.67741  2.69355  4.24690  2.90347  2.73739  3.18146  2.89801  2.37887  2.77519  2.98518  4.58477  3.61503
          0.02902  3.94999  4.67233  0.61958  0.77255  0.48576  0.95510
    118   2.67723  4.19308  4.05422  3.47789  3.20739  3.81916  4.12465  1.59281  3.33777  2.00838  3.05583  3.74713  4.16989  3.60715  3.45025  3.11230  2.86834  2.02150  4.47130  3.64570    118 - -
          2.68618  4.42225  2.77519  2.73123  3.46354  2.40513  3.72494  3.29354  2.67741  2.69355  4.24690  2.90347  2.73739  3.18146  2.89801  2.37887  2.77519  2.98518  4.58477  3.61503
          0.02902  3.94999  4.67233  0.61958  0.77255  0.48576  0.95510
    119   2.69511  4.23473  3.89159  3.32862  3.23034  3.76156  3.87358  2.29724  3.18990  2.10819  3.01976  3.63717  4.12804  3.49496  3.44744  3.05174  2.90840  1.51388  4.83749  3.45051    119 - -
          2.68618  4.42225  2.77519  2.73123  3.46354  2.40513  3.72494  3.29354  2.67741  2.69355  4.24690  2.90347  2.73739  3.18146  2.89801  2.37887  2.77519  2.98518  4.58477  3.61503
          0.01963  3.94059        *  0.61958  0.77255  0.00000        *
//
