HMMER3/b [3.0 | March 2010]
NAME  .\ramp3_o
LENG  116
ALPH  amino
RF    no
CS    no
MAP   yes
DATE  Fri Jan 29 12:20:58 2016
NSEQ  41
EFFN  0.618103
CKSUM 2803433487
STATS LOCAL MSV       -9.7974  0.71422
STATS LOCAL VITERBI  -10.5563  0.71422
STATS LOCAL FORWARD   -4.1971  0.71422
HMM          A        C        D        E        F        G        H        I        K        L        M        N        P        Q        R        S        T        V        W        Y   
            m->m     m->i     m->d     i->m     i->i     d->m     d->d
  COMPO   2.63539  3.53005  3.03544  2.74100  3.10014  3.25460  3.72843  2.70614  2.74797  2.37760  3.51111  3.15940  3.27325  3.16737  3.06549  2.75550  2.81887  2.49815  3.97620  3.44315
          2.68618  4.42225  2.77519  2.73123  3.46354  2.40513  3.72494  3.29354  2.67741  2.69355  4.24690  2.90347  2.73739  3.18146  2.89801  2.37887  2.77519  2.98518  4.58477  3.61503
          0.02883  3.95656  4.67890  0.61958  0.77255  0.00000        *
      1   3.07566  4.52311  4.40361  3.85964  3.13390  4.19958  4.54103  2.17808  3.67645  1.48841  1.62903  4.15488  4.49838  3.93842  3.88093  3.53966  3.32114  2.10108  5.09176  3.93669      1 - -
          2.68618  4.42225  2.77519  2.73123  3.46354  2.40513  3.72494  3.29354  2.67741  2.69355  4.24690  2.90347  2.73739  3.18146  2.89801  2.37887  2.77519  2.98518  4.58477  3.61503
          0.02883  3.95656  4.67890  0.61958  0.77255  0.48576  0.95510
      2   2.85422  4.48957  3.76271  3.22204  3.11418  3.83348  4.04761  2.53933  3.02224  1.32004  3.06809  3.60160  4.18313  2.79942  3.30393  3.12859  3.08665  2.51800  4.91828  3.65588      2 - -
          2.68618  4.42225  2.77519  2.73123  3.46354  2.40513  3.72494  3.29354  2.67741  2.69355  4.24690  2.90347  2.73739  3.18146  2.89801  2.37887  2.77519  2.98518  4.58477  3.61503
          0.02883  3.95656  4.67890  0.61958  0.77255  0.48576  0.95510
      3   2.51066  4.80706  2.87772  1.80338  4.01338  3.39600  3.62165  3.45901  2.38446  3.05546  3.89270  2.93286  3.81626  2.55180  2.80107  2.66652  2.86911  3.14640  4.03832  3.94336      3 - -
          2.68618  4.42225  2.77519  2.73123  3.46354  2.40513  3.72494  3.29354  2.67741  2.69355  4.24690  2.90347  2.73739  3.18146  2.89801  2.37887  2.77519  2.98518  4.58477  3.61503
          0.02883  3.95656  4.67890  0.61958  0.77255  0.48576  0.95510
      4   2.63286  4.79699  3.05450  2.34701  4.05382  3.44155  3.59455  3.45274  2.00571  2.79611  3.47328  2.85358  3.82461  2.74631  2.30402  2.66901  2.85384  3.04861  5.26886  3.96651      4 - -
          2.68618  4.42225  2.77519  2.73123  3.46354  2.40513  3.72494  3.29354  2.67741  2.69355  4.24690  2.90347  2.73739  3.18146  2.89801  2.37887  2.77519  2.98518  4.58477  3.61503
          0.02883  3.95656  4.67890  0.61958  0.77255  0.48576  0.95510
      5   3.17584  4.57168  4.58294  4.03663  3.11984  4.35742  4.69253  2.10934  3.86342  0.99198  2.71908  4.32790  4.61122  4.08457  4.04734  3.70496  3.41467  1.99406  5.14931  4.02178      5 - -
          2.68618  4.42225  2.77519  2.73123  3.46354  2.40513  3.72494  3.29354  2.67741  2.69355  4.24690  2.90347  2.73739  3.18146  2.89801  2.37887  2.77519  2.98518  4.58477  3.61503
          0.02883  3.95656  4.67890  0.61958  0.77255  0.48576  0.95510
      6   2.63723  4.72386  2.68204  2.25110  4.23806  3.22303  3.82275  3.65014  2.65867  3.29402  4.17116  2.96191  1.64403  3.02526  3.05051  2.62083  2.97517  3.28508  5.51586  4.19255      6 - -
          2.68618  4.42225  2.77519  2.73123  3.46354  2.40513  3.72494  3.29354  2.67741  2.69355  4.24690  2.90347  2.73739  3.18146  2.89801  2.37887  2.77519  2.98518  4.58477  3.61503
          0.02883  3.95656  4.67890  0.61958  0.77255  0.48576  0.95510
      7   2.45042  4.58091  3.12192  2.45283  3.77582  3.44730  3.43132  3.16432  2.45266  2.56874  3.66659  3.03652  3.83148  2.70352  2.41786  2.67150  2.77186  2.71190  4.60234  3.82197      7 - -
          2.68618  4.42225  2.77519  2.73123  3.46354  2.40513  3.72494  3.29354  2.67741  2.69355  4.24690  2.90347  2.73739  3.18146  2.89801  2.37887  2.77519  2.98518  4.58477  3.61503
          0.02883  3.95656  4.67890  0.61958  0.77255  0.48576  0.95510
      8   2.68426  0.78476  4.22250  3.98154  3.95393  3.28917  4.61017  3.11204  3.80902  3.02361  4.14777  3.94613  4.00274  4.15171  3.91840  2.95602  3.15812  2.85088  5.35200  4.24094      8 - -
          2.68618  4.42225  2.77519  2.73123  3.46354  2.40513  3.72494  3.29354  2.67741  2.69355  4.24690  2.90347  2.73739  3.18146  2.89801  2.37887  2.77519  2.98518  4.58477  3.61503
          0.02883  3.95656  4.67890  0.61958  0.77255  0.48576  0.95510
      9   2.57604  4.58155  2.78802  2.58767  4.29705  1.23697  3.97868  3.78460  2.86398  3.42308  4.31466  3.06996  3.80949  3.03129  3.22072  2.67495  2.98264  3.35814  5.57501  4.29029      9 - -
          2.68618  4.42225  2.77519  2.73123  3.46354  2.40513  3.72494  3.29354  2.67741  2.69355  4.24690  2.90347  2.73739  3.18146  2.89801  2.37887  2.77519  2.98518  4.58477  3.61503
          0.02883  3.95656  4.67890  0.61958  0.77255  0.48576  0.95510
     10   2.75281  5.10571  2.97468  2.23441  4.47470  3.48370  3.58473  3.87122  1.52087  3.35672  4.17997  2.97631  3.89002  2.55394  2.24571  2.80630  3.03157  3.51778  5.46756  4.19109     10 - -
          2.68618  4.42225  2.77519  2.73123  3.46354  2.40513  3.72494  3.29354  2.67741  2.69355  4.24690  2.90347  2.73739  3.18146  2.89801  2.37887  2.77519  2.98518  4.58477  3.61503
          0.02883  3.95656  4.67890  0.61958  0.77255  0.48576  0.95510
     11   1.96204  4.51396  2.84709  2.57247  3.68172  3.38020  3.69830  3.13830  2.58090  2.81975  3.67717  3.04409  3.81437  2.91219  3.00592  2.54591  2.55740  2.81606  5.12616  3.47633     11 - -
          2.68618  4.42225  2.77519  2.73123  3.46354  2.40513  3.72494  3.29354  2.67741  2.69355  4.24690  2.90347  2.73739  3.18146  2.89801  2.37887  2.77519  2.98518  4.58477  3.61503
          0.02883  3.95656  4.67890  0.61958  0.77255  0.48576  0.95510
     12   3.36639  4.74364  4.35394  4.08477  0.88358  4.03576  3.91620  2.88012  3.98977  2.23100  3.59811  4.11444  4.49274  4.13468  4.08871  3.63177  3.66771  2.87692  4.14105  2.49781     12 - -
          2.68618  4.42225  2.77519  2.73123  3.46354  2.40513  3.72494  3.29354  2.67741  2.69355  4.24690  2.90347  2.73739  3.18146  2.89801  2.37887  2.77519  2.98518  4.58477  3.61503
          0.02883  3.95656  4.67890  0.61958  0.77255  0.48576  0.95510
     13   1.98324  4.68952  2.93027  2.21873  3.96448  3.37713  3.65999  3.12852  2.31858  2.98581  3.82904  2.96987  3.81370  2.83787  2.87536  2.54532  2.84289  3.03082  5.25756  3.94946     13 - -
          2.68618  4.42225  2.77519  2.73123  3.46354  2.40513  3.72494  3.29354  2.67741  2.69355  4.24690  2.90347  2.73739  3.18146  2.89801  2.37887  2.77519  2.98518  4.58477  3.61503
          0.02883  3.95656  4.67890  0.61958  0.77255  0.48576  0.95510
     14   2.68005  5.25149  1.87682  1.83776  4.54698  3.26910  3.50244  4.03285  2.40447  3.53479  4.32963  2.61662  3.78692  2.66545  3.03296  2.60208  2.93915  3.61994  5.69655  4.25547     14 - -
          2.68618  4.42225  2.77519  2.73123  3.46354  2.40513  3.72494  3.29354  2.67741  2.69355  4.24690  2.90347  2.73739  3.18146  2.89801  2.37887  2.77519  2.98518  4.58477  3.61503
          0.02883  3.95656  4.67890  0.61958  0.77255  0.48576  0.95510
     15   2.60537  4.47790  3.25386  2.52900  3.65459  3.49469  3.70129  3.00741  2.44148  2.65778  2.34314  3.14063  3.88212  2.94271  2.62067  2.69546  2.83356  2.69305  5.02495  3.77219     15 - -
          2.68618  4.42225  2.77519  2.73123  3.46354  2.40513  3.72494  3.29354  2.67741  2.69355  4.24690  2.90347  2.73739  3.18146  2.89801  2.37887  2.77519  2.98518  4.58477  3.61503
          0.02883  3.95656  4.67890  0.61958  0.77255  0.48576  0.95510
     16   2.97151  4.49435  4.24372  3.75888  3.20415  3.98776  4.47613  2.25052  3.55015  1.72293  1.49192  4.02593  4.39215  3.87117  3.76160  3.37230  3.25933  2.13004  5.11233  3.91209     16 - -
          2.68618  4.42225  2.77519  2.73123  3.46354  2.40513  3.72494  3.29354  2.67741  2.69355  4.24690  2.90347  2.73739  3.18146  2.89801  2.37887  2.77519  2.98518  4.58477  3.61503
          0.02883  3.95656  4.67890  0.61958  0.77255  0.48576  0.95510
     17   2.63533  4.97386  2.79792  2.36659  4.28158  3.13671  2.89992  3.71711  2.04530  3.24576  3.92214  2.89013  3.79183  2.51851  2.33569  2.62523  2.85915  3.34738  5.41079  4.06499     17 - -
          2.68618  4.42225  2.77519  2.73123  3.46354  2.40513  3.72494  3.29354  2.67741  2.69355  4.24690  2.90347  2.73739  3.18146  2.89801  2.37887  2.77519  2.98518  4.58477  3.61503
          0.02883  3.95656  4.67890  0.61958  0.77255  0.48576  0.95510
     18   2.73711  5.03547  2.87443  2.30986  4.36376  3.43621  3.17239  3.78097  1.61798  3.29534  4.10507  2.93067  3.84419  2.66970  2.42837  2.66275  2.87307  3.42386  5.43933  4.12756     18 - -
          2.68618  4.42225  2.77519  2.73123  3.46354  2.40513  3.72494  3.29354  2.67741  2.69355  4.24690  2.90347  2.73739  3.18146  2.89801  2.37887  2.77519  2.98518  4.58477  3.61503
          0.02883  3.95656  4.67890  0.61958  0.77255  0.48576  0.95510
     19   3.03092  4.39958  4.58981  4.08707  3.49238  4.29290  4.82639  1.67229  3.95097  1.97199  3.33196  4.33516  4.63490  4.24512  4.17262  3.66902  3.30165  1.06705  5.41861  4.19255     19 - -
          2.68618  4.42225  2.77519  2.73123  3.46354  2.40513  3.72494  3.29354  2.67741  2.69355  4.24690  2.90347  2.73739  3.18146  2.89801  2.37887  2.77519  2.98518  4.58477  3.61503
          0.02883  3.95656  4.67890  0.61958  0.77255  0.48576  0.95510
     20   2.62909  5.35565  1.53669  1.81513  4.64815  3.23305  3.70009  4.13217  2.50462  3.64827  4.47484  2.69787  3.80947  2.85404  3.19583  2.75207  3.11336  3.72207  5.82168  4.35375     20 - -
          2.68618  4.42225  2.77519  2.73123  3.46354  2.40513  3.72494  3.29354  2.67741  2.69355  4.24690  2.90347  2.73739  3.18146  2.89801  2.37887  2.77519  2.98518  4.58477  3.61503
          0.02883  3.95656  4.67890  0.61958  0.77255  0.48576  0.95510
     21   2.44665  4.21462  3.60404  3.05494  3.44099  3.51538  3.92482  2.50733  2.97759  2.36799  3.30016  3.39946  3.66833  3.28555  3.29484  2.50853  2.73439  1.78179  4.93020  3.70703     21 - -
          2.68618  4.42225  2.77519  2.73123  3.46354  2.40513  3.72494  3.29354  2.67741  2.69355  4.24690  2.90347  2.73739  3.18146  2.89801  2.37887  2.77519  2.98518  4.58477  3.61503
          0.02883  3.95656  4.67890  0.61958  0.77255  0.48576  0.95510
     22   2.72397  4.61755  3.26574  2.67949  3.61247  3.54476  3.42904  3.19383  2.11501  2.82806  3.71636  3.15657  3.93186  2.77674  2.63438  2.83747  2.93977  2.94209  2.32567  3.63978     22 - -
          2.68618  4.42225  2.77519  2.73123  3.46354  2.40513  3.72494  3.29354  2.67741  2.69355  4.24690  2.90347  2.73739  3.18146  2.89801  2.37887  2.77519  2.98518  4.58477  3.61503
          0.02883  3.95656  4.67890  0.61958  0.77255  0.48576  0.95510
     23   2.81401  4.93146  3.14342  2.60412  4.11925  3.52213  3.60827  3.62635  1.41119  3.17473  4.03383  3.00402  3.91949  2.77377  2.32762  2.83883  3.02160  3.32016  5.27614  3.35301     23 - -
          2.68618  4.42225  2.77519  2.73123  3.46354  2.40513  3.72494  3.29354  2.67741  2.69355  4.24690  2.90347  2.73739  3.18146  2.89801  2.37887  2.77519  2.98518  4.58477  3.61503
          0.02883  3.95656  4.67890  0.61958  0.77255  0.48576  0.95510
     24   2.96166  4.60276  3.77007  3.26148  2.91774  3.69978  3.76253  3.18265  2.76931  2.71837  3.76822  3.54695  4.13507  3.34075  2.49311  3.14075  3.21141  2.99742  1.46110  2.93237     24 - -
          2.68618  4.42225  2.77519  2.73123  3.46354  2.40513  3.72494  3.29354  2.67741  2.69355  4.24690  2.90347  2.73739  3.18146  2.89801  2.37887  2.77519  2.98518  4.58477  3.61503
          0.02883  3.95656  4.67890  0.61958  0.77255  0.48576  0.95510
     25   2.68426  0.78476  4.22250  3.98154  3.95393  3.28917  4.61017  3.11204  3.80902  3.02361  4.14777  3.94613  4.00274  4.15171  3.91840  2.95602  3.15812  2.85088  5.35200  4.24094     25 - -
          2.68618  4.42225  2.77519  2.73123  3.46354  2.40513  3.72494  3.29354  2.67741  2.69355  4.24690  2.90347  2.73739  3.18146  2.89801  2.37887  2.77519  2.98518  4.58477  3.61503
          0.02883  3.95656  4.67890  0.61958  0.77255  0.48576  0.95510
     26   2.81389  5.27324  1.95507  2.15703  4.55694  3.24924  3.57751  4.06279  2.44551  3.58106  4.40614  1.72056  3.81060  2.84557  3.11410  2.74102  3.08330  3.66138  5.74058  4.29305     26 - -
          2.68618  4.42225  2.77519  2.73123  3.46354  2.40513  3.72494  3.29354  2.67741  2.69355  4.24690  2.90347  2.73739  3.18146  2.89801  2.37887  2.77519  2.98518  4.58477  3.61503
          0.02883  3.95656  4.67890  0.61958  0.77255  0.48576  0.95510
     27   3.22696  4.63158  4.54732  4.05880  3.08729  4.34179  4.67479  2.04339  3.82775  0.90764  2.97983  4.33627  4.63045  4.10483  4.00202  3.73772  3.48017  2.20331  5.10864  3.89093     27 - -
          2.68618  4.42225  2.77519  2.73123  3.46354  2.40513  3.72494  3.29354  2.67741  2.69355  4.24690  2.90347  2.73739  3.18146  2.89801  2.37887  2.77519  2.98518  4.58477  3.61503
          0.02883  3.95656  4.67890  0.61958  0.77255  0.48576  0.95510
     28   2.34890  4.41553  3.09253  2.69547  4.07787  3.15497  3.85068  3.46556  2.55001  3.12561  3.96435  3.08552  3.50936  3.05888  3.07936  1.68991  2.24164  3.07455  5.38826  4.11573     28 - -
          2.68618  4.42225  2.77519  2.73123  3.46354  2.40513  3.72494  3.29354  2.67741  2.69355  4.24690  2.90347  2.73739  3.18146  2.89801  2.37887  2.77519  2.98518  4.58477  3.61503
          0.02883  3.95656  4.67890  0.61958  0.77255  0.48576  0.95510
     29   2.67559  5.20389  2.29873  1.52360  4.48229  3.28375  3.15940  3.96049  2.49693  3.48162  4.29205  2.75557  3.80159  2.62848  2.99453  2.70449  3.01633  3.57022  5.65108  4.23014     29 - -
          2.68618  4.42225  2.77519  2.73123  3.46354  2.40513  3.72494  3.29354  2.67741  2.69355  4.24690  2.90347  2.73739  3.18146  2.89801  2.37887  2.77519  2.98518  4.58477  3.61503
          0.02883  3.95656  4.67890  0.61958  0.77255  0.48576  0.95510
     30   3.23713  4.64269  4.42494  4.03335  1.16432  4.15969  3.94066  2.45499  3.89191  1.95232  3.31822  4.09401  4.52937  4.03943  4.02450  3.56564  3.50733  2.57506  4.18653  2.56079     30 - -
          2.68618  4.42225  2.77519  2.73123  3.46354  2.40513  3.72494  3.29354  2.67741  2.69355  4.24690  2.90347  2.73739  3.18146  2.89801  2.37887  2.77519  2.98518  4.58477  3.61503
          0.02883  3.95656  4.67890  0.61958  0.77255  0.48576  0.95510
     31   3.08177  4.41512  4.71197  4.19615  3.45265  4.39675  4.90406  1.17381  4.06809  1.93593  3.15982  4.43893  4.69560  4.32702  4.26951  3.76888  3.34113  1.47793  5.42373  4.23782     31 - -
          2.68618  4.42225  2.77519  2.73123  3.46354  2.40513  3.72494  3.29354  2.67741  2.69355  4.24690  2.90347  2.73739  3.18146  2.89801  2.37887  2.77519  2.98518  4.58477  3.61503
          0.02883  3.95656  4.67890  0.61958  0.77255  0.48576  0.95510
     32   2.51149  4.19281  3.61433  3.05234  3.36021  3.40607  3.88115  2.57597  2.95048  2.32210  2.94502  3.39813  3.95487  3.26476  3.11179  2.71906  2.72290  1.82956  4.84287  3.62448     32 - -
          2.68618  4.42225  2.77519  2.73123  3.46354  2.40513  3.72494  3.29354  2.67741  2.69355  4.24690  2.90347  2.73739  3.18146  2.89801  2.37887  2.77519  2.98518  4.58477  3.61503
          0.02883  3.95656  4.67890  0.61958  0.77255  0.48576  0.95510
     33   2.86391  4.55892  3.46292  2.70114  2.55026  3.70302  3.64049  3.02929  2.97772  2.63083  3.65535  3.38806  4.10621  3.30024  3.28887  3.02267  3.10310  2.83830  4.26559  1.52615     33 - -
          2.68618  4.42225  2.77519  2.73123  3.46354  2.40513  3.72494  3.29354  2.67741  2.69355  4.24690  2.90347  2.73739  3.18146  2.89801  2.37887  2.77519  2.98518  4.58477  3.61503
          0.02883  3.95656  4.67890  0.61958  0.77255  0.48576  0.95510
     34   3.36985  4.82474  3.96288  3.70837  2.29923  3.92847  3.65988  3.36745  3.56348  2.79960  4.03384  3.82787  4.40053  3.84930  3.72982  3.49805  3.65703  3.24203  3.94609  0.83667     34 - -
          2.68618  4.42225  2.77519  2.73123  3.46354  2.40513  3.72494  3.29354  2.67741  2.69355  4.24690  2.90347  2.73739  3.18146  2.89801  2.37887  2.77519  2.98518  4.58477  3.61503
          0.02883  3.95656  4.67890  0.61958  0.77255  0.48576  0.95510
     35   2.70036  5.13180  2.23264  1.67557  4.40732  3.29564  3.40104  3.88427  2.46063  3.41073  4.20619  2.69433  3.78228  2.72241  2.96821  2.54353  2.94764  3.49397  5.58382  3.75630     35 - -
          2.68618  4.42225  2.77519  2.73123  3.46354  2.40513  3.72494  3.29354  2.67741  2.69355  4.24690  2.90347  2.73739  3.18146  2.89801  2.37887  2.77519  2.98518  4.58477  3.61503
          0.02883  3.95656  4.67890  0.61958  0.77255  0.48576  0.95510
     36   2.60646  4.75479  2.96427  2.47037  4.06821  3.37722  3.63561  3.30479  2.28194  3.08062  3.90833  2.61087  3.81052  2.79644  2.52820  1.97428  2.85472  3.15188  5.30544  3.99424     36 - -
          2.68618  4.42225  2.77519  2.73123  3.46354  2.40513  3.72494  3.29354  2.67741  2.69355  4.24690  2.90347  2.73739  3.18146  2.89801  2.37887  2.77519  2.98518  4.58477  3.61503
          0.02883  3.95656  4.67890  0.61958  0.77255  0.48576  0.95510
     37   3.36639  4.74364  4.35394  4.08477  0.88358  4.03576  3.91620  2.88012  3.98977  2.23100  3.59811  4.11444  4.49274  4.13468  4.08871  3.63177  3.66771  2.87692  4.14105  2.49781     37 - -
          2.68618  4.42225  2.77519  2.73123  3.46354  2.40513  3.72494  3.29354  2.67741  2.69355  4.24690  2.90347  2.73739  3.18146  2.89801  2.37887  2.77519  2.98518  4.58477  3.61503
          0.02883  3.95656  4.67890  0.61958  0.77255  0.48576  0.95510
     38   2.31600  4.18910  3.51205  3.14272  3.95238  3.08988  4.12819  3.07991  3.06987  2.97018  3.90892  3.34398  3.77302  3.42323  3.36448  2.36519  1.38792  2.53383  5.39155  4.15438     38 - -
          2.68618  4.42225  2.77519  2.73123  3.46354  2.40513  3.72494  3.29354  2.67741  2.69355  4.24690  2.90347  2.73739  3.18146  2.89801  2.37887  2.77519  2.98518  4.58477  3.61503
          0.02883  3.95656  4.67890  0.61958  0.77255  0.48576  0.95510
     39   2.55203  4.70140  2.94650  2.46469  3.67126  3.38704  3.64297  3.34819  2.44529  2.78053  3.82068  2.13907  3.81145  2.55223  2.86913  2.58657  2.79528  3.04470  5.22364  3.89558     39 - -
          2.68618  4.42225  2.77519  2.73123  3.46354  2.40513  3.72494  3.29354  2.67741  2.69355  4.24690  2.90347  2.73739  3.18146  2.89801  2.37887  2.77519  2.98518  4.58477  3.61503
          0.02883  3.95656  4.67890  0.61958  0.77255  0.48576  0.95510
     40   2.68426  0.78476  4.22250  3.98154  3.95393  3.28917  4.61017  3.11204  3.80902  3.02361  4.14777  3.94613  4.00274  4.15171  3.91840  2.95602  3.15812  2.85088  5.35200  4.24094     40 - -
          2.68618  4.42225  2.77519  2.73123  3.46354  2.40513  3.72494  3.29354  2.67741  2.69355  4.24690  2.90347  2.73739  3.18146  2.89801  2.37887  2.77519  2.98518  4.58477  3.61503
          0.02883  3.95656  4.67890  0.61958  0.77255  0.48576  0.95510
     41   2.45916  4.30425  3.50395  3.26036  4.04429  3.14062  4.27111  3.18171  3.20499  3.04221  4.08768  3.45593  3.85115  3.59571  3.45937  2.66141  1.03699  2.86766  5.47471  4.26106     41 - -
          2.68618  4.42225  2.77519  2.73123  3.46354  2.40513  3.72494  3.29354  2.67741  2.69355  4.24690  2.90347  2.73739  3.18146  2.89801  2.37887  2.77519  2.98518  4.58477  3.61503
          0.02883  3.95656  4.67890  0.61958  0.77255  0.48576  0.95510
     42   2.88458  5.23452  2.37902  1.26612  4.51166  3.29228  3.72635  3.99125  2.53804  3.52313  4.40486  2.80066  3.85971  2.60218  2.96823  2.82559  3.15461  3.63227  5.69008  4.29323     42 - -
          2.68618  4.42225  2.77519  2.73123  3.46354  2.40513  3.72494  3.29354  2.67741  2.69355  4.24690  2.90347  2.73739  3.18146  2.89801  2.37887  2.77519  2.98518  4.58477  3.61503
          0.02883  3.95656  4.67890  0.61958  0.77255  0.48576  0.95510
     43   2.54338  4.50331  3.15372  2.44346  3.68442  3.45205  3.53128  3.06323  2.53578  2.63380  3.36861  3.06831  3.83859  2.73083  2.82508  2.53423  2.71493  2.35240  5.04934  3.77413     43 - -
          2.68618  4.42225  2.77519  2.73123  3.46354  2.40513  3.72494  3.29354  2.67741  2.69355  4.24690  2.90347  2.73739  3.18146  2.89801  2.37887  2.77519  2.98518  4.58477  3.61503
          0.02883  3.95656  4.67890  0.61958  0.77255  0.48576  0.95510
     44   2.81754  5.27058  2.24944  1.46629  4.57210  3.28033  3.67129  4.03846  2.14516  3.55438  4.37667  2.75244  3.81919  2.81873  2.97935  2.74722  3.07459  3.64447  5.71368  4.29340     44 - -
          2.68618  4.42225  2.77519  2.73123  3.46354  2.40513  3.72494  3.29354  2.67741  2.69355  4.24690  2.90347  2.73739  3.18146  2.89801  2.37887  2.77519  2.98518  4.58477  3.61503
          0.02883  3.95656  4.67890  0.61958  0.77255  0.48576  0.95510
     45   1.69186  4.14899  3.45362  3.09079  4.11822  2.97849  4.12287  3.43049  3.08909  3.18725  4.03919  3.27717  3.69051  3.39556  3.40922  2.01366  1.76541  2.97982  5.48783  4.27176     45 - -
          2.68618  4.42225  2.77519  2.73123  3.46354  2.40513  3.72494  3.29354  2.67741  2.69355  4.24690  2.90347  2.73739  3.18146  2.89801  2.37887  2.77519  2.98518  4.58477  3.61503
          0.02883  3.95656  4.67890  0.61958  0.77255  0.48576  0.95510
     46   2.58675  4.68235  3.01424  2.48236  3.91149  3.41169  3.48966  3.11513  2.28256  2.82647  3.77985  2.24808  3.81352  2.80494  2.82464  2.62143  2.62555  2.94734  5.20396  3.89652     46 - -
          2.68618  4.42225  2.77519  2.73123  3.46354  2.40513  3.72494  3.29354  2.67741  2.69355  4.24690  2.90347  2.73739  3.18146  2.89801  2.37887  2.77519  2.98518  4.58477  3.61503
          0.02883  3.95656  4.67890  0.61958  0.77255  0.48576  0.95510
     47   2.50625  4.27581  3.30118  2.84672  3.42520  3.52061  3.78169  2.40652  2.72973  2.44495  3.15010  3.00907  3.90415  3.10610  3.15102  2.68645  2.62319  2.22594  4.87108  3.63455     47 - -
          2.68618  4.42225  2.77519  2.73123  3.46354  2.40513  3.72494  3.29354  2.67741  2.69355  4.24690  2.90347  2.73739  3.18146  2.89801  2.37887  2.77519  2.98518  4.58477  3.61503
          0.02883  3.95656  4.67890  0.61958  0.77255  0.48576  0.95510
     48   2.15758  4.21599  3.92046  3.46785  3.64800  3.50609  4.31123  2.24766  3.36490  2.48383  3.47538  3.67852  4.07181  3.68635  3.62980  2.81397  2.92091  1.33180  5.26211  4.03794     48 - -
          2.68618  4.42225  2.77519  2.73123  3.46354  2.40513  3.72494  3.29354  2.67741  2.69355  4.24690  2.90347  2.73739  3.18146  2.89801  2.37887  2.77519  2.98518  4.58477  3.61503
          0.02883  3.95656  4.67890  0.61958  0.77255  0.48576  0.95510
     49   2.54055  4.60696  2.88977  2.55241  4.10282  1.84096  3.41307  3.56425  2.56407  3.17899  4.02062  3.00397  3.79072  2.96501  2.76568  2.31812  2.86639  3.19240  5.38566  4.07320     49 - -
          2.68618  4.42225  2.77519  2.73123  3.46354  2.40513  3.72494  3.29354  2.67741  2.69355  4.24690  2.90347  2.73739  3.18146  2.89801  2.37887  2.77519  2.98518  4.58477  3.61503
          0.02883  3.95656  4.67890  0.61958  0.77255  0.48576  0.95510
     50   2.68426  0.78476  4.22250  3.98154  3.95393  3.28917  4.61017  3.11204  3.80902  3.02361  4.14777  3.94613  4.00274  4.15171  3.91840  2.95602  3.15812  2.85088  5.35200  4.24094     50 - -
          2.68618  4.42225  2.77519  2.73123  3.46354  2.40513  3.72494  3.29354  2.67741  2.69355  4.24690  2.90347  2.73739  3.18146  2.89801  2.37887  2.77519  2.98518  4.58477  3.61503
          0.02883  3.95656  4.67890  0.61958  0.77255  0.48576  0.95510
     51   3.51818  4.80723  4.47170  4.12949  1.51219  4.28585  3.45644  3.23763  3.98727  2.59353  3.84690  3.97904  4.60730  4.01349  4.06637  3.64975  3.74476  3.15624  3.61842  1.10239     51 - -
          2.68618  4.42225  2.77519  2.73123  3.46354  2.40513  3.72494  3.29354  2.67741  2.69355  4.24690  2.90347  2.73739  3.18146  2.89801  2.37887  2.77519  2.98518  4.58477  3.61503
          0.02883  3.95656  4.67890  0.61958  0.77255  0.48576  0.95510
     52   3.47792  4.82227  4.22145  3.94854  2.75587  3.82575  4.00599  3.50540  3.66909  2.88564  4.13527  4.08069  4.35058  4.05236  3.78255  3.68081  3.78265  3.39807  0.73154  2.75363     52 - -
          2.68618  4.42225  2.77519  2.73123  3.46354  2.40513  3.72494  3.29354  2.67741  2.69355  4.24690  2.90347  2.73739  3.18146  2.89801  2.37887  2.77519  2.98518  4.58477  3.61503
          0.02883  3.95656  4.67890  0.61958  0.77255  0.48576  0.95510
     53   2.86550  4.60851  3.48181  3.33322  4.32064  3.29128  4.40352  3.88796  3.39777  3.50558  4.55925  3.63130  0.68515  3.78400  3.63352  3.03569  3.31375  3.52370  5.48386  4.44256     53 - -
          2.68618  4.42225  2.77519  2.73123  3.46354  2.40513  3.72494  3.29354  2.67741  2.69355  4.24690  2.90347  2.73739  3.18146  2.89801  2.37887  2.77519  2.98518  4.58477  3.61503
          0.02883  3.95656  4.67890  0.61958  0.77255  0.48576  0.95510
     54   2.79417  4.96828  2.60118  2.40864  3.95437  3.31237  3.09164  3.83503  2.55179  3.38388  4.26851  1.47352  3.87056  2.95489  2.93765  2.79528  3.08628  3.47833  5.30327  3.83389     54 - -
          2.68618  4.42225  2.77519  2.73123  3.46354  2.40513  3.72494  3.29354  2.67741  2.69355  4.24690  2.90347  2.73739  3.18146  2.89801  2.37887  2.77519  2.98518  4.58477  3.61503
          0.02883  3.95656  4.67890  0.61958  0.77255  0.48576  0.95510
     55   2.68073  4.73663  2.99009  2.58720  4.01305  3.37476  3.32958  3.53781  2.38219  3.12754  3.99489  3.04650  1.84963  2.90398  2.46495  2.74402  2.95382  3.21488  5.27834  3.95901     55 - -
          2.68618  4.42225  2.77519  2.73123  3.46354  2.40513  3.72494  3.29354  2.67741  2.69355  4.24690  2.90347  2.73739  3.18146  2.89801  2.37887  2.77519  2.98518  4.58477  3.61503
          0.02883  3.95656  4.67890  0.61958  0.77255  0.48576  0.95510
     56   3.00409  4.52657  4.13326  3.67618  3.00614  3.98504  4.35126  2.35002  3.49964  1.00856  3.10604  3.96281  4.00192  3.81227  3.71671  3.37596  3.27755  2.36743  4.95238  3.65773     56 - -
          2.68618  4.42225  2.77519  2.73123  3.46354  2.40513  3.72494  3.29354  2.67741  2.69355  4.24690  2.90347  2.73739  3.18146  2.89801  2.37887  2.77519  2.98518  4.58477  3.61503
          0.02883  3.95656  4.67890  0.61958  0.77255  0.48576  0.95510
     57   1.59487  4.19457  3.56811  3.08557  3.75760  3.22361  4.03442  2.73185  3.02475  2.76253  3.68777  3.35031  3.82370  3.33994  3.35049  2.44404  2.46826  2.27893  5.21037  3.98588     57 - -
          2.68618  4.42225  2.77519  2.73123  3.46354  2.40513  3.72494  3.29354  2.67741  2.69355  4.24690  2.90347  2.73739  3.18146  2.89801  2.37887  2.77519  2.98518  4.58477  3.61503
          0.02883  3.95656  4.67890  0.61958  0.77255  0.48576  0.95510
     58   2.77934  5.13536  2.62194  1.79996  4.43009  3.36323  3.43158  3.88991  2.30622  3.40128  4.22072  2.84771  3.83635  2.01311  2.63682  2.74058  3.01339  3.52080  5.54418  4.18400     58 - -
          2.68618  4.42225  2.77519  2.73123  3.46354  2.40513  3.72494  3.29354  2.67741  2.69355  4.24690  2.90347  2.73739  3.18146  2.89801  2.37887  2.77519  2.98518  4.58477  3.61503
          0.02883  3.95656  4.67890  0.61958  0.77255  0.48576  0.95510
     59   2.46149  4.54177  2.71156  2.53482  4.20652  2.05896  3.67450  3.64547  2.72845  3.26754  4.09521  2.97952  3.74520  3.02644  3.16349  1.87949  2.69808  3.22554  5.49826  4.18292     59 - -
          2.68618  4.42225  2.77519  2.73123  3.46354  2.40513  3.72494  3.29354  2.67741  2.69355  4.24690  2.90347  2.73739  3.18146  2.89801  2.37887  2.77519  2.98518  4.58477  3.61503
          0.02883  3.95656  4.67890  0.61958  0.77255  0.48576  0.95510
     60   3.37832  4.70580  4.45372  4.05898  1.13673  4.24225  3.56164  2.98769  3.90923  2.24813  3.61339  3.98490  4.55681  3.97624  4.00843  3.58937  3.60500  2.93876  3.74964  1.80770     60 - -
          2.68618  4.42225  2.77519  2.73123  3.46354  2.40513  3.72494  3.29354  2.67741  2.69355  4.24690  2.90347  2.73739  3.18146  2.89801  2.37887  2.77519  2.98518  4.58477  3.61503
          0.02883  3.95656  4.67890  0.61958  0.77255  0.48576  0.95510
     61   3.09361  4.43702  4.68804  4.18947  3.43143  4.38136  4.89678  1.12257  4.04323  1.87894  3.25910  4.43153  4.69417  4.31899  4.24385  3.76510  3.35886  1.58002  5.41241  4.20563     61 - -
          2.68618  4.42225  2.77519  2.73123  3.46354  2.40513  3.72494  3.29354  2.67741  2.69355  4.24690  2.90347  2.73739  3.18146  2.89801  2.37887  2.77519  2.98518  4.58477  3.61503
          0.02883  3.95656  4.67890  0.61958  0.77255  0.48576  0.95510
     62   2.29779  4.26269  3.41264  2.91848  3.69006  3.29086  3.90609  2.52690  2.86490  2.72400  3.62681  3.26047  3.43405  3.19491  3.21273  2.51748  1.85498  2.63866  5.11775  3.88055     62 - -
          2.68618  4.42225  2.77519  2.73123  3.46354  2.40513  3.72494  3.29354  2.67741  2.69355  4.24690  2.90347  2.73739  3.18146  2.89801  2.37887  2.77519  2.98518  4.58477  3.61503
          0.02883  3.95656  4.67890  0.61958  0.77255  0.48576  0.95510
     63   2.66591  4.95224  2.50137  2.22499  4.24957  2.12120  3.41704  3.68937  2.44742  3.25837  4.07396  2.84135  3.79550  2.79012  2.67644  2.55301  2.91709  3.33366  5.46634  4.10102     63 - -
          2.68618  4.42225  2.77519  2.73123  3.46354  2.40513  3.72494  3.29354  2.67741  2.69355  4.24690  2.90347  2.73739  3.18146  2.89801  2.37887  2.77519  2.98518  4.58477  3.61503
          0.02883  3.95656  4.67890  0.61958  0.77255  0.48576  0.95510
     64   3.06560  4.40186  4.71032  4.21737  3.50893  4.37194  4.94002  1.22028  4.09660  2.01002  3.32359  4.44621  4.69784  4.36738  4.30048  3.75970  3.33504  1.34061  5.47296  4.26788     64 - -
          2.68618  4.42225  2.77519  2.73123  3.46354  2.40513  3.72494  3.29354  2.67741  2.69355  4.24690  2.90347  2.73739  3.18146  2.89801  2.37887  2.77519  2.98518  4.58477  3.61503
          0.02883  3.95656  4.67890  0.61958  0.77255  0.48576  0.95510
     65   2.80466  4.78326  2.97472  2.69123  3.66636  3.39027  1.40201  3.65083  2.59711  3.20872  4.14328  3.13700  3.31252  3.08444  2.91330  2.86967  3.10535  3.33826  5.06453  3.61539     65 - -
          2.68618  4.42225  2.77519  2.73123  3.46354  2.40513  3.72494  3.29354  2.67741  2.69355  4.24690  2.90347  2.73739  3.18146  2.89801  2.37887  2.77519  2.98518  4.58477  3.61503
          0.02883  3.95656  4.67890  0.61958  0.77255  0.48576  0.95510
     66   3.02713  5.13646  3.42210  2.76705  4.57154  3.64822  3.58920  3.91949  1.61075  3.36711  4.23698  3.17135  4.01469  2.63010  1.38620  3.02405  3.19179  3.60587  5.42126  4.24970     66 - -
          2.68618  4.42225  2.77519  2.73123  3.46354  2.40513  3.72494  3.29354  2.67741  2.69355  4.24690  2.90347  2.73739  3.18146  2.89801  2.37887  2.77519  2.98518  4.58477  3.61503
          0.02883  3.95656  4.67890  0.61958  0.77255  0.48576  0.95510
     67   2.81231  5.01082  2.98759  2.51769  4.21235  3.48017  2.92024  3.74748  2.13790  3.26283  4.10969  3.00118  3.89726  1.75796  2.30158  2.81239  3.02578  3.41827  5.34638  4.02466     67 - -
          2.68618  4.42225  2.77519  2.73123  3.46354  2.40513  3.72494  3.29354  2.67741  2.69355  4.24690  2.90347  2.73739  3.18146  2.89801  2.37887  2.77519  2.98518  4.58477  3.61503
          0.02883  3.95656  4.67890  0.61958  0.77255  0.48576  0.95510
     68   3.30108  4.68363  4.44986  4.06598  1.15083  4.20311  3.90811  2.61586  3.91587  1.84136  3.32980  4.11322  4.55766  4.05508  4.03896  3.61864  3.56255  2.64208  4.13607  2.50008     68 - -
          2.68618  4.42225  2.77519  2.73123  3.46354  2.40513  3.72494  3.29354  2.67741  2.69355  4.24690  2.90347  2.73739  3.18146  2.89801  2.37887  2.77519  2.98518  4.58477  3.61503
          0.02883  3.95656  4.67890  0.61958  0.77255  0.48576  0.95510
     69   3.36639  4.74364  4.35394  4.08477  0.88358  4.03576  3.91620  2.88012  3.98977  2.23100  3.59811  4.11444  4.49274  4.13468  4.08871  3.63177  3.66771  2.87692  4.14105  2.49781     69 - -
          2.68618  4.42225  2.77519  2.73123  3.46354  2.40513  3.72494  3.29354  2.67741  2.69355  4.24690  2.90347  2.73739  3.18146  2.89801  2.37887  2.77519  2.98518  4.58477  3.61503
          0.02883  3.95656  4.67890  0.61958  0.77255  0.48576  0.95510
     70   2.52549  4.63078  2.97012  2.55393  3.97213  3.32507  3.50119  3.34156  2.48140  3.04497  3.89655  3.01766  3.81750  2.77371  2.78716  1.67171  2.86447  3.09590  5.27099  3.96103     70 - -
          2.68618  4.42225  2.77519  2.73123  3.46354  2.40513  3.72494  3.29354  2.67741  2.69355  4.24690  2.90347  2.73739  3.18146  2.89801  2.37887  2.77519  2.98518  4.58477  3.61503
          0.02883  3.95656  4.67890  0.61958  0.77255  0.48576  0.95510
     71   2.78032  4.94196  2.57553  2.41673  4.31447  3.26898  3.78740  3.85936  2.40232  3.45704  4.34246  1.37008  3.86054  2.98535  2.93106  2.79163  3.09641  3.48699  5.55095  4.17914     71 - -
          2.68618  4.42225  2.77519  2.73123  3.46354  2.40513  3.72494  3.29354  2.67741  2.69355  4.24690  2.90347  2.73739  3.18146  2.89801  2.37887  2.77519  2.98518  4.58477  3.61503
          0.02883  3.95656  4.67890  0.61958  0.77255  0.48576  0.95510
     72   2.68426  0.78476  4.22250  3.98154  3.95393  3.28917  4.61017  3.11204  3.80902  3.02361  4.14777  3.94613  4.00274  4.15171  3.91840  2.95602  3.15812  2.85088  5.35200  4.24094     72 - -
          2.68618  4.42225  2.77519  2.73123  3.46354  2.40513  3.72494  3.29354  2.67741  2.69355  4.24690  2.90347  2.73739  3.18146  2.89801  2.37887  2.77519  2.98518  4.58477  3.61503
          0.02883  3.95656  4.67890  0.61958  0.77255  0.48576  0.95510
     73   2.39094  4.26092  3.38469  2.94004  3.32605  3.20459  3.94304  3.07132  2.90884  2.83297  3.74130  3.25325  3.79746  3.23559  3.25384  2.13869  1.70220  2.76381  5.17065  3.89343     73 - -
          2.68618  4.42225  2.77519  2.73123  3.46354  2.40513  3.72494  3.29354  2.67741  2.69355  4.24690  2.90347  2.73739  3.18146  2.89801  2.37887  2.77519  2.98518  4.58477  3.61503
          0.02883  3.95656  4.67890  0.61958  0.77255  0.48576  0.95510
     74   2.53202  4.28294  3.43729  2.89713  3.49481  3.46459  3.83035  2.75600  2.80485  2.47395  3.30112  3.10349  3.90066  3.14852  3.07972  2.32496  2.79721  1.92250  4.94324  3.70013     74 - -
          2.68618  4.42225  2.77519  2.73123  3.46354  2.40513  3.72494  3.29354  2.67741  2.69355  4.24690  2.90347  2.73739  3.18146  2.89801  2.37887  2.77519  2.98518  4.58477  3.61503
          0.02883  3.95656  4.67890  0.61958  0.77255  0.48576  0.95510
     75   2.69413  5.12364  1.85091  2.01495  4.41535  3.16759  3.49187  3.88353  2.45294  3.40960  4.20324  2.66835  3.78059  2.75543  2.81700  2.64973  2.94198  3.25328  5.58548  4.17402     75 - -
          2.68618  4.42225  2.77519  2.73123  3.46354  2.40513  3.72494  3.29354  2.67741  2.69355  4.24690  2.90347  2.73739  3.18146  2.89801  2.37887  2.77519  2.98518  4.58477  3.61503
          0.02883  3.95656  4.67890  0.61958  0.77255  0.48576  0.95510
     76   2.85012  5.05198  3.21682  2.55829  4.41899  3.42033  3.34412  3.79805  1.73607  3.15065  4.12250  3.05733  3.92219  2.58370  1.70945  2.84771  3.03881  3.46555  5.39768  4.15846     76 - -
          2.68618  4.42225  2.77519  2.73123  3.46354  2.40513  3.72494  3.29354  2.67741  2.69355  4.24690  2.90347  2.73739  3.18146  2.89801  2.37887  2.77519  2.98518  4.58477  3.61503
          0.02883  3.95656  4.67890  0.61958  0.77255  0.48576  0.95510
     77   2.32990  4.46369  3.16257  2.49845  3.67281  3.35945  3.70250  2.98042  2.59472  2.68898  3.58993  3.08799  3.35072  2.81515  3.00041  2.67592  2.61780  2.30759  5.05157  3.78039     77 - -
          2.68618  4.42225  2.77519  2.73123  3.46354  2.40513  3.72494  3.29354  2.67741  2.69355  4.24690  2.90347  2.73739  3.18146  2.89801  2.37887  2.77519  2.98518  4.58477  3.61503
          0.02883  3.95656  4.67890  0.61958  0.77255  0.48576  0.95510
     78   2.66428  4.76039  2.95406  2.50889  3.88076  3.44063  2.17835  3.40060  2.34857  2.88755  3.85694  2.99952  3.85094  2.58819  2.66582  2.71456  2.89370  2.95523  5.17869  3.83439     78 - -
          2.68618  4.42225  2.77519  2.73123  3.46354  2.40513  3.72494  3.29354  2.67741  2.69355  4.24690  2.90347  2.73739  3.18146  2.89801  2.37887  2.77519  2.98518  4.58477  3.61503
          0.02883  3.95656  4.67890  0.61958  0.77255  0.48576  0.95510
     79   3.23164  4.66770  4.19394  3.74725  2.17735  4.06486  3.56105  3.07949  3.46849  2.37625  3.68571  3.81353  4.41796  3.74220  3.63361  3.41767  3.46420  2.97624  1.47242  2.04243     79 - -
          2.68618  4.42225  2.77519  2.73123  3.46354  2.40513  3.72494  3.29354  2.67741  2.69355  4.24690  2.90347  2.73739  3.18146  2.89801  2.37887  2.77519  2.98518  4.58477  3.61503
          0.02883  3.95656  4.67890  0.61958  0.77255  0.48576  0.95510
     80   2.69386  5.02534  2.59151  1.54649  4.31305  3.33150  3.66218  3.72321  2.42986  3.29706  4.14701  2.84919  3.82655  2.49910  2.85621  2.72002  2.98876  3.15086  5.51851  4.15276     80 - -
          2.68618  4.42225  2.77519  2.73123  3.46354  2.40513  3.72494  3.29354  2.67741  2.69355  4.24690  2.90347  2.73739  3.18146  2.89801  2.37887  2.77519  2.98518  4.58477  3.61503
          0.02883  3.95656  4.67890  0.61958  0.77255  0.48576  0.95510
     81   3.08108  5.22083  0.80457  2.38997  4.60941  3.27539  4.00682  4.21696  3.10711  3.81050  4.79082  2.95042  3.93418  3.24638  3.63445  3.03423  3.42158  3.84733  5.76158  4.46892     81 - -
          2.68618  4.42225  2.77519  2.73123  3.46354  2.40513  3.72494  3.29354  2.67741  2.69355  4.24690  2.90347  2.73739  3.18146  2.89801  2.37887  2.77519  2.98518  4.58477  3.61503
          0.02883  3.95656  4.67890  0.61958  0.77255  0.48576  0.95510
     82   2.86550  4.60851  3.48181  3.33322  4.32064  3.29128  4.40352  3.88796  3.39777  3.50558  4.55925  3.63130  0.68515  3.78400  3.63352  3.03569  3.31375  3.52370  5.48386  4.44256     82 - -
          2.68618  4.42225  2.77519  2.73123  3.46354  2.40513  3.72494  3.29354  2.67741  2.69355  4.24690  2.90347  2.73739  3.18146  2.89801  2.37887  2.77519  2.98518  4.58477  3.61503
          0.02883  3.95656  4.67890  0.61958  0.77255  0.48576  0.95510
     83   2.35192  4.30152  3.16379  2.92895  4.17355  3.03728  4.07901  3.52976  2.96955  3.25590  4.16065  3.20852  1.41957  3.33928  3.28329  2.44466  2.58356  3.09925  5.53499  4.26956     83 - -
          2.68618  4.42225  2.77519  2.73123  3.46354  2.40513  3.72494  3.29354  2.67741  2.69355  4.24690  2.90347  2.73739  3.18146  2.89801  2.37887  2.77519  2.98518  4.58477  3.61503
          0.02883  3.95656  4.67890  0.61958  0.77255  0.48576  0.95510
     84   2.92222  5.32143  1.14326  2.17179  4.63423  3.22373  3.79531  4.14502  2.56082  3.70899  4.59577  2.74486  3.84921  2.97942  3.33188  2.84151  3.22478  3.75349  5.84160  4.39588     84 - -
          2.68618  4.42225  2.77519  2.73123  3.46354  2.40513  3.72494  3.29354  2.67741  2.69355  4.24690  2.90347  2.73739  3.18146  2.89801  2.37887  2.77519  2.98518  4.58477  3.61503
          0.02883  3.95656  4.67890  0.61958  0.77255  0.48576  0.95510
     85   2.84638  5.19712  2.43262  1.35324  4.53153  3.17307  3.69864  3.97135  2.23886  3.51366  4.36093  2.80860  3.84835  2.85731  2.89044  2.79473  3.10819  3.59993  5.67045  4.29293     85 - -
          2.68618  4.42225  2.77519  2.73123  3.46354  2.40513  3.72494  3.29354  2.67741  2.69355  4.24690  2.90347  2.73739  3.18146  2.89801  2.37887  2.77519  2.98518  4.58477  3.61503
          0.02883  3.95656  4.67890  0.61958  0.77255  0.48576  0.95510
     86   2.91985  4.32009  4.46131  3.94654  3.53675  4.14544  4.69056  1.36155  3.83549  2.14802  3.37178  4.18923  4.51602  4.11926  4.06482  3.50459  2.81582  1.38976  5.36229  4.15964     86 - -
          2.68618  4.42225  2.77519  2.73123  3.46354  2.40513  3.72494  3.29354  2.67741  2.69355  4.24690  2.90347  2.73739  3.18146  2.89801  2.37887  2.77519  2.98518  4.58477  3.61503
          0.02883  3.95656  4.67890  0.61958  0.77255  0.48576  0.95510
     87   3.19282  4.61750  4.51602  4.02779  3.09507  4.29766  4.65577  2.10417  3.79374  0.91679  2.98851  4.29998  4.60518  4.07948  3.97316  3.68670  3.45379  2.16397  5.11135  3.88997     87 - -
          2.68618  4.42225  2.77519  2.73123  3.46354  2.40513  3.72494  3.29354  2.67741  2.69355  4.24690  2.90347  2.73739  3.18146  2.89801  2.37887  2.77519  2.98518  4.58477  3.61503
          0.02883  3.95656  4.67890  0.61958  0.77255  0.48576  0.95510
     88   2.90855  4.33606  4.40482  3.90404  3.52073  4.08997  4.66314  1.23248  3.77699  2.11805  3.36000  4.14746  4.48410  4.07639  4.00785  3.45836  2.80766  1.60826  5.35481  4.15140     88 - -
          2.68618  4.42225  2.77519  2.73123  3.46354  2.40513  3.72494  3.29354  2.67741  2.69355  4.24690  2.90347  2.73739  3.18146  2.89801  2.37887  2.77519  2.98518  4.58477  3.61503
          0.02883  3.95656  4.67890  0.61958  0.77255  0.48576  0.95510
     89   2.43898  4.33996  3.38250  2.88642  3.73906  3.32934  3.90879  2.75072  2.81042  2.63717  3.65703  3.25357  2.03851  3.16826  3.16575  2.66349  2.53333  2.50705  5.18523  3.93434     89 - -
          2.68618  4.42225  2.77519  2.73123  3.46354  2.40513  3.72494  3.29354  2.67741  2.69355  4.24690  2.90347  2.73739  3.18146  2.89801  2.37887  2.77519  2.98518  4.58477  3.61503
          0.02883  3.95656  4.67890  0.61958  0.77255  0.48576  0.95510
     90   3.04221  4.58558  4.03690  3.61100  3.18986  3.92271  4.31285  2.46424  3.29215  0.96353  3.20790  3.90807  4.34507  3.73667  3.29825  3.37957  3.32031  2.47871  5.00348  3.72132     90 - -
          2.68618  4.42225  2.77519  2.73123  3.46354  2.40513  3.72494  3.29354  2.67741  2.69355  4.24690  2.90347  2.73739  3.18146  2.89801  2.37887  2.77519  2.98518  4.58477  3.61503
          0.02883  3.95656  4.67890  0.61958  0.77255  0.48576  0.95510
     91   3.06225  4.45676  4.53088  4.10188  3.41594  4.22547  4.81694  1.05196  3.92893  1.94964  3.29925  4.32918  4.61595  4.25055  4.12589  3.65421  3.35343  1.74125  5.36853  4.11579     91 - -
          2.68618  4.42225  2.77519  2.73123  3.46354  2.40513  3.72494  3.29354  2.67741  2.69355  4.24690  2.90347  2.73739  3.18146  2.89801  2.37887  2.77519  2.98518  4.58477  3.61503
          0.02883  3.95656  4.67890  0.61958  0.77255  0.48576  0.95510
     92   2.09056  4.23722  3.85821  3.29972  3.13786  3.73788  4.09679  2.21607  3.22248  1.93122  3.27810  3.62520  4.12265  3.50125  3.51003  3.02841  2.76482  1.94058  4.95540  3.74573     92 - -
          2.68618  4.42225  2.77519  2.73123  3.46354  2.40513  3.72494  3.29354  2.67741  2.69355  4.24690  2.90347  2.73739  3.18146  2.89801  2.37887  2.77519  2.98518  4.58477  3.61503
          0.02883  3.95656  4.67890  0.61958  0.77255  0.48576  0.95510
     93   2.65665  4.29061  4.32311  3.78752  3.51585  4.06617  4.54360  1.68133  3.68667  2.09779  3.36957  4.05630  4.43196  3.96992  3.93370  3.40139  2.92076  1.28278  5.27182  4.06717     93 - -
          2.68618  4.42225  2.77519  2.73123  3.46354  2.40513  3.72494  3.29354  2.67741  2.69355  4.24690  2.90347  2.73739  3.18146  2.89801  2.37887  2.77519  2.98518  4.58477  3.61503
          0.02883  3.95656  4.67890  0.61958  0.77255  0.48576  0.95510
     94   2.86550  4.60851  3.48181  3.33322  4.32064  3.29128  4.40352  3.88796  3.39777  3.50558  4.55925  3.63130  0.68515  3.78400  3.63352  3.03569  3.31375  3.52370  5.48386  4.44256     94 - -
          2.68618  4.42225  2.77519  2.73123  3.46354  2.40513  3.72494  3.29354  2.67741  2.69355  4.24690  2.90347  2.73739  3.18146  2.89801  2.37887  2.77519  2.98518  4.58477  3.61503
          0.02883  3.95656  4.67890  0.61958  0.77255  0.48576  0.95510
     95   2.98618  4.35820  4.57725  4.07742  3.55577  4.24833  4.82736  1.50789  3.96072  2.11093  3.37645  4.31280  4.60748  4.24851  4.18306  3.62394  3.13811  1.13546  5.45015  4.24136     95 - -
          2.68618  4.42225  2.77519  2.73123  3.46354  2.40513  3.72494  3.29354  2.67741  2.69355  4.24690  2.90347  2.73739  3.18146  2.89801  2.37887  2.77519  2.98518  4.58477  3.61503
          0.02883  3.95656  4.67890  0.61958  0.77255  0.48576  0.95510
     96   3.20105  4.57246  4.64759  4.08720  2.65758  4.39796  4.63164  2.17787  3.96479  0.97917  2.68302  4.35901  4.61395  4.10137  4.12238  3.72824  3.42430  2.17353  5.00584  3.83300     96 - -
          2.68618  4.42225  2.77519  2.73123  3.46354  2.40513  3.72494  3.29354  2.67741  2.69355  4.24690  2.90347  2.73739  3.18146  2.89801  2.37887  2.77519  2.98518  4.58477  3.61503
          0.02883  3.95656  4.67890  0.61958  0.77255  0.48576  0.95510
     97   3.25015  4.68771  4.32430  3.96492  3.16888  4.08859  4.59429  2.37795  3.73183  0.77824  3.16627  4.23222  4.50974  4.08004  3.89400  3.66980  3.54072  2.43704  5.07829  3.82089     97 - -
          2.68618  4.42225  2.77519  2.73123  3.46354  2.40513  3.72494  3.29354  2.67741  2.69355  4.24690  2.90347  2.73739  3.18146  2.89801  2.37887  2.77519  2.98518  4.58477  3.61503
          0.02883  3.95656  4.67890  0.61958  0.77255  0.48576  0.95510
     98   2.13716  4.19961  3.46934  3.18546  4.07328  3.05358  4.21346  3.13932  3.14942  3.04568  4.02146  3.36261  3.77216  3.50695  3.42787  2.51742  1.25858  2.79143  5.51659  4.29346     98 - -
          2.68618  4.42225  2.77519  2.73123  3.46354  2.40513  3.72494  3.29354  2.67741  2.69355  4.24690  2.90347  2.73739  3.18146  2.89801  2.37887  2.77519  2.98518  4.58477  3.61503
          0.02883  3.95656  4.67890  0.61958  0.77255  0.48576  0.95510
     99   2.75261  3.59486  4.27828  3.71366  3.17447  3.79153  4.31220  1.91050  3.60362  1.94652  3.24073  3.93433  4.28736  3.83798  3.80084  3.24547  2.99798  1.42950  4.96624  3.76459     99 - -
          2.68618  4.42225  2.77519  2.73123  3.46354  2.40513  3.72494  3.29354  2.67741  2.69355  4.24690  2.90347  2.73739  3.18146  2.89801  2.37887  2.77519  2.98518  4.58477  3.61503
          0.02883  3.95656  4.67890  0.61958  0.77255  0.48576  0.95510
    100   1.12324  4.13089  3.46727  3.19063  4.16923  2.55213  4.22351  3.42813  3.21764  3.24012  4.12289  3.32460  3.69588  3.52025  3.50479  2.41288  2.70461  2.86874  5.55942  4.34706    100 - -
          2.68618  4.42225  2.77519  2.73123  3.46354  2.40513  3.72494  3.29354  2.67741  2.69355  4.24690  2.90347  2.73739  3.18146  2.89801  2.37887  2.77519  2.98518  4.58477  3.61503
          0.02883  3.95656  4.67890  0.61958  0.77255  0.48576  0.95510
    101   2.80861  4.42201  3.95378  3.50805  3.33050  3.73772  4.30565  2.39701  3.29475  1.94328  1.51455  3.78238  4.21605  3.67511  3.52716  3.13513  2.87983  2.34046  5.11812  3.90648    101 - -
          2.68618  4.42225  2.77519  2.73123  3.46354  2.40513  3.72494  3.29354  2.67741  2.69355  4.24690  2.90347  2.73739  3.18146  2.89801  2.37887  2.77519  2.98518  4.58477  3.61503
          0.02883  3.95656  4.67890  0.61958  0.77255  0.48576  0.95510
    102   1.88397  4.23412  3.74615  3.23663  3.58727  3.50296  4.12574  1.99114  3.15925  2.47154  3.49982  3.53026  4.01326  3.47122  3.46660  2.84785  2.40766  2.12233  5.14322  3.92360    102 - -
          2.68618  4.42225  2.77519  2.73123  3.46354  2.40513  3.72494  3.29354  2.67741  2.69355  4.24690  2.90347  2.73739  3.18146  2.89801  2.37887  2.77519  2.98518  4.58477  3.61503
          0.02883  3.95656  4.67890  0.61958  0.77255  0.48576  0.95510
    103   1.91343  4.15633  3.33194  3.04544  4.27682  1.58526  4.15269  3.67162  3.12882  3.36559  4.18839  3.23615  3.66198  3.41298  3.45878  2.14039  2.36970  3.13414  5.61286  4.39572    103 - -
          2.68618  4.42225  2.77519  2.73123  3.46354  2.40513  3.72494  3.29354  2.67741  2.69355  4.24690  2.90347  2.73739  3.18146  2.89801  2.37887  2.77519  2.98518  4.58477  3.61503
          0.02883  3.95656  4.67890  0.61958  0.77255  0.48576  0.95510
    104   3.16999  4.58751  4.54050  4.02038  3.12240  4.30895  4.67274  2.12532  3.81141  0.95806  2.89761  4.30108  4.59893  4.07331  3.99685  3.67707  3.42323  2.03693  5.14361  3.96996    104 - -
          2.68618  4.42225  2.77519  2.73123  3.46354  2.40513  3.72494  3.29354  2.67741  2.69355  4.24690  2.90347  2.73739  3.18146  2.89801  2.37887  2.77519  2.98518  4.58477  3.61503
          0.02883  3.95656  4.67890  0.61958  0.77255  0.48576  0.95510
    105   2.95819  4.38698  4.47086  4.01834  3.53180  4.11279  4.77922  1.76664  3.87121  2.11098  3.40292  4.23626  4.54218  4.19475  4.09330  3.52209  3.26194  1.01729  5.42820  4.17406    105 - -
          2.68618  4.42225  2.77519  2.73123  3.46354  2.40513  3.72494  3.29354  2.67741  2.69355  4.24690  2.90347  2.73739  3.18146  2.89801  2.37887  2.77519  2.98518  4.58477  3.61503
          0.02883  3.95656  4.67890  0.61958  0.77255  0.48576  0.95510
    106   2.87912  4.35642  4.30259  3.83753  3.52778  3.98346  4.62063  1.91957  3.68067  2.01538  3.40209  4.07427  4.42968  4.01955  3.91492  3.37495  3.03082  1.11073  5.35696  4.11860    106 - -
          2.68618  4.42225  2.77519  2.73123  3.46354  2.40513  3.72494  3.29354  2.67741  2.69355  4.24690  2.90347  2.73739  3.18146  2.89801  2.37887  2.77519  2.98518  4.58477  3.61503
          0.02883  3.95656  4.67890  0.61958  0.77255  0.48576  0.95510
    107   3.47792  4.82227  4.22145  3.94854  2.75587  3.82575  4.00599  3.50540  3.66909  2.88564  4.13527  4.08069  4.35058  4.05236  3.78255  3.68081  3.78265  3.39807  0.73154  2.75363    107 - -
          2.68618  4.42225  2.77519  2.73123  3.46354  2.40513  3.72494  3.29354  2.67741  2.69355  4.24690  2.90347  2.73739  3.18146  2.89801  2.37887  2.77519  2.98518  4.58477  3.61503
          0.02883  3.95656  4.67890  0.61958  0.77255  0.48576  0.95510
    108   2.58485  2.84993  3.27756  2.71445  3.74579  3.19048  3.27306  3.14774  2.45748  2.80917  3.67900  3.14114  3.86273  2.93964  2.12262  2.71596  2.83913  2.87402  5.08470  3.82157    108 - -
          2.68618  4.42225  2.77519  2.73123  3.46354  2.40513  3.72494  3.29354  2.67741  2.69355  4.24690  2.90347  2.73739  3.18146  2.89801  2.37887  2.77519  2.98518  4.58477  3.61503
          0.02883  3.95656  4.67890  0.61958  0.77255  0.48576  0.95510
    109   2.31633  4.29329  3.07504  2.87762  4.25277  2.88271  4.08034  3.76100  3.01215  3.43463  4.27798  2.96798  3.70936  3.33947  3.34549  1.15667  2.78204  3.23923  5.58732  4.29746    109 - -
          2.68618  4.42225  2.77519  2.73123  3.46354  2.40513  3.72494  3.29354  2.67741  2.69355  4.24690  2.90347  2.73739  3.18146  2.89801  2.37887  2.77519  2.98518  4.58477  3.61503
          0.02883  3.95656  4.67890  0.61958  0.77255  0.48576  0.95510
    110   2.98179  5.10034  3.21753  2.69665  4.49975  3.57697  3.62061  3.88631  1.17559  3.35989  4.24004  3.12455  3.98808  2.69189  2.10633  2.98200  3.17429  3.56950  5.43482  4.22666    110 - -
          2.68618  4.42225  2.77519  2.73123  3.46354  2.40513  3.72494  3.29354  2.67741  2.69355  4.24690  2.90347  2.73739  3.18146  2.89801  2.37887  2.77519  2.98518  4.58477  3.61503
          0.02883  3.95656  4.67890  0.61958  0.77255  0.48576  0.95510
    111   2.65299  4.29858  3.15672  2.58795  4.03309  3.18923  3.11689  3.45952  2.25446  3.05476  3.89703  3.04895  3.85362  2.80649  1.77389  2.66113  2.89277  3.14560  5.25183  3.96684    111 - -
          2.68618  4.42225  2.77519  2.73123  3.46354  2.40513  3.72494  3.29354  2.67741  2.69355  4.24690  2.90347  2.73739  3.18146  2.89801  2.37887  2.77519  2.98518  4.58477  3.61503
          0.02883  3.95656  4.67890  0.61958  0.77255  0.48576  0.95510
    112   2.20735  4.33652  3.16538  2.76098  4.09573  3.09322  3.90363  3.49970  2.79455  3.15713  3.98640  2.88738  3.16278  3.11940  3.18503  1.92366  1.95968  3.07654  5.41675  4.15132    112 - -
          2.68618  4.42225  2.77519  2.73123  3.46354  2.40513  3.72494  3.29354  2.67741  2.69355  4.24690  2.90347  2.73739  3.18146  2.89801  2.37887  2.77519  2.98518  4.58477  3.61503
          0.02883  3.95656  4.67890  0.61958  0.77255  0.48576  0.95510
    113   2.62411  5.25123  1.29162  2.08491  4.64420  2.96067  3.76433  4.10947  2.76790  3.67225  4.52467  2.71344  3.81413  2.93722  3.33523  2.76567  3.14154  3.69744  5.86177  4.39891    113 - -
          2.68618  4.42225  2.77519  2.73123  3.46354  2.40513  3.72494  3.29354  2.67741  2.69355  4.24690  2.90347  2.73739  3.18146  2.89801  2.37887  2.77519  2.98518  4.58477  3.61503
          0.02883  3.95656  4.67890  0.61958  0.77255  0.48576  0.95510
    114   2.60451  4.64410  3.10453  2.54228  3.86412  3.33194  3.63704  2.68663  2.23125  2.88489  3.73394  3.02633  3.83664  2.37965  2.62420  2.68321  2.66756  2.89591  5.16127  3.87656    114 - -
          2.68618  4.42225  2.77519  2.73123  3.46354  2.40513  3.72494  3.29354  2.67741  2.69355  4.24690  2.90347  2.73739  3.18146  2.89801  2.37887  2.77519  2.98518  4.58477  3.61503
          0.02883  3.95656  4.67890  0.61958  0.77255  0.48576  0.95510
    115   2.66759  4.31611  3.67371  3.11523  3.32106  3.65709  3.95811  2.56147  2.96318  1.55637  3.08783  3.47691  3.32227  3.31300  3.13715  2.94245  2.91253  2.35320  4.91088  3.69610    115 - -
          2.68618  4.42225  2.77519  2.73123  3.46354  2.40513  3.72494  3.29354  2.67741  2.69355  4.24690  2.90347  2.73739  3.18146  2.89801  2.37887  2.77519  2.98518  4.58477  3.61503
          0.02883  3.95656  4.67890  0.61958  0.77255  0.48576  0.95510
    116   2.40297  4.21590  3.69599  3.15911  3.38833  3.56736  3.97979  2.49392  3.04113  1.78056  3.34288  3.48004  3.79475  3.36515  3.24856  2.81224  2.85013  1.99463  4.92011  3.70401    116 - -
          2.68618  4.42225  2.77519  2.73123  3.46354  2.40513  3.72494  3.29354  2.67741  2.69355  4.24690  2.90347  2.73739  3.18146  2.89801  2.37887  2.77519  2.98518  4.58477  3.61503
          0.01950  3.94723        *  0.61958  0.77255  0.00000        *
//
