HMMER3/f [3.1b2 | February 2015]
NAME  vip1
LENG  100
ALPH  amino
RF    no
MM    no
CONS  yes
CS    no
MAP   yes
DATE  Mon Sep 12 11:41:28 2016
NSEQ  19
EFFN  0.459229
CKSUM 3385280475
STATS LOCAL MSV       -9.7762  0.71772
STATS LOCAL VITERBI  -10.2591  0.71772
STATS LOCAL FORWARD   -4.1339  0.71772
HMM          A        C        D        E        F        G        H        I        K        L        M        N        P        Q        R        S        T        V        W        Y   
            m->m     m->i     m->d     i->m     i->i     d->m     d->d
  COMPO   2.57286  3.37116  2.88518  2.59963  3.47778  2.79964  3.84718  2.87757  2.79394  2.52626  3.69409  3.05787  3.25586  3.04124  3.06183  2.65509  2.81444  2.67547  4.08365  3.58281
          2.68618  4.42225  2.77519  2.73123  3.46354  2.40513  3.72494  3.29354  2.67741  2.69355  4.24690  2.90347  2.73739  3.18146  2.89801  2.37887  2.77519  2.98518  4.58477  3.61503
          0.03243  3.84079  4.56314  0.61958  0.77255  0.00000        *
      1   2.62559  4.66499  3.09894  2.47290  3.79862  3.44722  3.44421  3.27421  2.29864  2.70810  3.74735  3.01509  3.83285  2.14268  2.58864  2.69660  2.84638  2.99357  4.37021  3.78551      1 q - - -
          2.68618  4.42225  2.77519  2.73123  3.46354  2.40513  3.72494  3.29354  2.67741  2.69355  4.24690  2.90347  2.73739  3.18146  2.89801  2.37887  2.77519  2.98518  4.58477  3.61503
          0.03243  3.84079  4.56314  0.61958  0.77255  0.48576  0.95510
      2   2.75629  5.08625  2.53174  1.82289  4.33865  3.31224  3.20918  3.82268  2.31840  3.34853  4.18201  2.80196  3.80295  2.18954  2.71523  2.71936  2.99570  3.46522  5.49401  4.12383      2 e - - -
          2.68618  4.42225  2.77519  2.73123  3.46354  2.40513  3.72494  3.29354  2.67741  2.69355  4.24690  2.90347  2.73739  3.18146  2.89801  2.37887  2.77519  2.98518  4.58477  3.61503
          0.03243  3.84079  4.56314  0.61958  0.77255  0.48576  0.95510
      3   2.44033  4.79951  2.59476  1.59595  4.17311  3.25200  3.72065  3.42006  2.54508  3.14749  4.05837  2.87572  3.79834  2.90110  2.96654  2.68535  2.94678  2.97266  5.47105  4.12194      3 e - - -
          2.68618  4.42225  2.77519  2.73123  3.46354  2.40513  3.72494  3.29354  2.67741  2.69355  4.24690  2.90347  2.73739  3.18146  2.89801  2.37887  2.77519  2.98518  4.58477  3.61503
          0.03243  3.84079  4.56314  0.61958  0.77255  0.48576  0.95510
      4   2.55169  1.00705  4.06262  3.79539  3.79448  3.18093  4.44950  2.93354  3.62229  2.85024  3.97068  3.79084  3.88537  3.96974  3.75212  2.82319  3.01585  2.68015  5.21680  4.08226      4 c - - -
          2.68618  4.42225  2.77519  2.73123  3.46354  2.40513  3.72494  3.29354  2.67741  2.69355  4.24690  2.90347  2.73739  3.18146  2.89801  2.37887  2.77519  2.98518  4.58477  3.61503
          0.03243  3.84079  4.56314  0.61958  0.77255  0.48576  0.95510
      5   2.87924  5.36472  1.37951  1.79449  4.65367  3.15736  3.71612  4.14922  2.73541  3.69329  4.56687  2.64199  3.78278  2.89248  3.31293  2.77699  3.17304  3.74923  5.85162  4.37613      5 d - - -
          2.68618  4.42225  2.77519  2.73123  3.46354  2.40513  3.72494  3.29354  2.67741  2.69355  4.24690  2.90347  2.73739  3.18146  2.89801  2.37887  2.77519  2.98518  4.58477  3.61503
          0.03243  3.84079  4.56314  0.61958  0.77255  0.48576  0.95510
      6   3.22889  4.69035  4.00136  3.64420  2.01886  3.97777  3.49008  3.08882  3.50746  2.52701  3.75264  3.73208  4.37065  3.71969  3.69315  3.37342  3.48401  2.98186  3.75401  1.13610      6 y - - -
          2.68618  4.42225  2.77519  2.73123  3.46354  2.40513  3.72494  3.29354  2.67741  2.69355  4.24690  2.90347  2.73739  3.18146  2.89801  2.37887  2.77519  2.98518  4.58477  3.61503
          0.03243  3.84079  4.56314  0.61958  0.77255  0.48576  0.95510
      7   3.07705  4.50370  4.40896  3.85808  3.08285  4.23209  4.55029  2.09724  3.69335  1.15090  2.45846  4.16734  4.50077  3.93500  3.89971  3.56620  3.31443  2.02305  5.07403  3.93576      7 l - - -
          2.68618  4.42225  2.77519  2.73123  3.46354  2.40513  3.72494  3.29354  2.67741  2.69355  4.24690  2.90347  2.73739  3.18146  2.89801  2.37887  2.77519  2.98518  4.58477  3.61503
          0.03243  3.84079  4.56314  0.61958  0.77255  0.48576  0.95510
      8   2.79824  4.94040  2.86697  2.48954  4.07918  3.41445  3.32575  3.68109  2.16636  3.20294  4.08340  2.96887  3.87125  1.73185  2.38567  2.80792  3.02821  3.36669  5.27759  3.93476      8 q - - -
          2.68618  4.42225  2.77519  2.73123  3.46354  2.40513  3.72494  3.29354  2.67741  2.69355  4.24690  2.90347  2.73739  3.18146  2.89801  2.37887  2.77519  2.98518  4.58477  3.61503
          0.03243  3.84079  4.56314  0.61958  0.77255  0.48576  0.95510
      9   2.65837  4.34800  3.55123  3.04770  3.31632  3.58156  3.90778  2.61315  2.83151  2.12953  2.02542  3.40865  4.00493  3.08449  3.11084  2.79821  2.91916  2.48371  4.90442  3.64154      9 m - - -
          2.68618  4.42225  2.77519  2.73123  3.46354  2.40513  3.72494  3.29354  2.67741  2.69355  4.24690  2.90347  2.73739  3.18146  2.89801  2.37887  2.77519  2.98518  4.58477  3.61503
          0.03243  3.84079  4.56314  0.61958  0.77255  0.48576  0.95510
     10   3.00650  4.43464  4.28976  3.90473  3.35334  4.03158  4.63906  1.11804  3.73222  1.94639  3.29417  4.15455  4.46625  4.08406  3.93245  3.52420  3.30640  1.84635  5.23728  3.97253     10 i - - -
          2.68618  4.42225  2.77519  2.73123  3.46354  2.40513  3.72494  3.29354  2.67741  2.69355  4.24690  2.90347  2.73739  3.18146  2.89801  2.37887  2.77519  2.98518  4.58477  3.61503
          0.03243  3.84079  4.56314  0.61958  0.77255  0.48576  0.95510
     11   2.68076  5.09841  2.39422  1.50022  4.40538  3.25884  3.65432  3.82719  2.36488  3.39107  4.25175  2.76777  3.80302  2.70438  2.85569  2.74392  3.04691  3.47584  5.58660  4.20970     11 e - - -
          2.68618  4.42225  2.77519  2.73123  3.46354  2.40513  3.72494  3.29354  2.67741  2.69355  4.24690  2.90347  2.73739  3.18146  2.89801  2.37887  2.77519  2.98518  4.58477  3.61503
          0.03243  3.84079  4.56314  0.61958  0.77255  0.48576  0.95510
     12   2.56176  4.25813  3.48120  2.91686  3.41710  3.39212  3.81221  2.40378  2.61713  2.42987  3.26611  3.30418  3.92740  3.14131  2.97796  2.80582  2.80107  1.96285  4.88396  3.65347     12 v - - -
          2.68618  4.42225  2.77519  2.73123  3.46354  2.40513  3.72494  3.29354  2.67741  2.69355  4.24690  2.90347  2.73739  3.18146  2.89801  2.37887  2.77519  2.98518  4.58477  3.61503
          0.03243  3.84079  4.56314  0.61958  0.77255  0.48576  0.95510
     13   2.81213  5.01648  2.59631  2.18209  4.28840  3.32640  3.65717  3.74767  2.31788  3.29179  4.18886  2.87706  3.84413  1.67180  2.65711  2.79883  3.06594  3.42552  5.46262  4.13192     13 q - - -
          2.68618  4.42225  2.77519  2.73123  3.46354  2.40513  3.72494  3.29354  2.67741  2.69355  4.24690  2.90347  2.73739  3.18146  2.89801  2.37887  2.77519  2.98518  4.58477  3.61503
          0.03243  3.84079  4.56314  0.61958  0.77255  0.48576  0.95510
     14   2.78356  4.91199  3.03414  2.54019  4.05945  3.46840  2.29596  3.62298  2.09374  3.15659  4.01740  3.00695  3.87827  2.50246  2.12205  2.80206  2.99436  3.31315  5.23374  3.91294     14 k - - -
          2.68618  4.42225  2.77519  2.73123  3.46354  2.40513  3.72494  3.29354  2.67741  2.69355  4.24690  2.90347  2.73739  3.18146  2.89801  2.37887  2.77519  2.98518  4.58477  3.61503
          0.03243  3.84079  4.56314  0.61958  0.77255  0.48576  0.95510
     15   2.77427  5.02469  2.92540  2.38563  4.37493  3.43776  3.55542  3.77352  1.74694  3.27887  4.10602  2.85183  3.84860  2.25953  2.25725  2.67572  2.98220  3.42894  5.40699  4.12830     15 k - - -
          2.68618  4.42225  2.77519  2.73123  3.46354  2.40513  3.72494  3.29354  2.67741  2.69355  4.24690  2.90347  2.73739  3.18146  2.89801  2.37887  2.77519  2.98518  4.58477  3.61503
          0.03243  3.84079  4.56314  0.61958  0.77255  0.48576  0.95510
     16   2.81743  4.96498  2.66417  2.31885  4.22143  3.33583  3.67863  3.70111  2.32086  3.24761  4.17107  2.92359  3.85843  1.57972  2.64016  2.82034  3.07882  3.39242  5.41885  4.09665     16 q - - -
          2.68618  4.42225  2.77519  2.73123  3.46354  2.40513  3.72494  3.29354  2.67741  2.69355  4.24690  2.90347  2.73739  3.18146  2.89801  2.37887  2.77519  2.98518  4.58477  3.61503
          0.03243  3.84079  4.56314  0.61958  0.77255  0.48576  0.95510
     17   2.55169  1.00705  4.06262  3.79539  3.79448  3.18093  4.44950  2.93354  3.62229  2.85024  3.97068  3.79084  3.88537  3.96974  3.75212  2.82319  3.01585  2.68015  5.21680  4.08226     17 c - - -
          2.68618  4.42225  2.77519  2.73123  3.46354  2.40513  3.72494  3.29354  2.67741  2.69355  4.24690  2.90347  2.73739  3.18146  2.89801  2.37887  2.77519  2.98518  4.58477  3.61503
          0.03243  3.84079  4.56314  0.61958  0.77255  0.48576  0.95510
     18   3.07980  4.52847  4.37122  3.84868  3.09002  4.19152  4.53797  2.10123  3.63545  1.07419  2.83580  4.14798  4.49783  3.92958  3.84263  3.55084  3.33361  2.04210  5.07636  3.87920     18 l - - -
          2.68618  4.42225  2.77519  2.73123  3.46354  2.40513  3.72494  3.29354  2.67741  2.69355  4.24690  2.90347  2.73739  3.18146  2.89801  2.37887  2.77519  2.98518  4.58477  3.61503
          0.03243  3.84079  4.56314  0.61958  0.77255  0.48576  0.95510
     19   2.84303  5.10455  2.38053  1.32422  4.41675  3.24984  3.71044  3.83454  2.41221  3.43207  4.33431  2.79695  3.82406  2.89092  2.92254  2.80426  3.12119  3.49658  5.60280  4.24129     19 e - - -
          2.68618  4.42225  2.77519  2.73123  3.46354  2.40513  3.72494  3.29354  2.67741  2.69355  4.24690  2.90347  2.73739  3.18146  2.89801  2.37887  2.77519  2.98518  4.58477  3.61503
          0.03243  3.84079  4.56314  0.61958  0.77255  0.48576  0.95510
     20   2.84768  5.20579  2.11602  1.28680  4.51165  3.19419  3.72149  3.97360  2.66476  3.55725  4.44002  2.71578  3.79645  2.90207  3.17152  2.78045  3.13690  3.60469  5.71244  4.29922     20 e - - -
          2.68618  4.42225  2.77519  2.73123  3.46354  2.40513  3.72494  3.29354  2.67741  2.69355  4.24690  2.90347  2.73739  3.18146  2.89801  2.37887  2.77519  2.98518  4.58477  3.61503
          0.03243  3.84079  4.56314  0.61958  0.77255  0.48576  0.95510
     21   1.45911  4.11449  3.56484  3.18746  3.89130  3.06018  4.15452  2.82289  3.12769  2.81832  3.80737  3.35834  3.74790  3.45611  3.41820  2.48995  2.42577  2.30982  5.37772  4.16161     21 a - - -
          2.68618  4.42225  2.77519  2.73123  3.46354  2.40513  3.72494  3.29354  2.67741  2.69355  4.24690  2.90347  2.73739  3.18146  2.89801  2.37887  2.77519  2.98518  4.58477  3.61503
          0.03243  3.84079  4.56314  0.61958  0.77255  0.48576  0.95510
     22   2.81525  4.99137  2.62941  2.25309  4.25682  3.33193  3.66665  3.72403  2.31650  3.26999  4.17928  2.89945  3.85145  1.62442  2.64519  2.80979  3.07219  3.40862  5.44124  4.11562     22 q - - -
          2.68618  4.42225  2.77519  2.73123  3.46354  2.40513  3.72494  3.29354  2.67741  2.69355  4.24690  2.90347  2.73739  3.18146  2.89801  2.37887  2.77519  2.98518  4.58477  3.61503
          0.03243  3.84079  4.56314  0.61958  0.77255  0.48576  0.95510
     23   2.67964  4.37101  3.55981  3.07799  3.31888  3.59521  3.96026  2.57493  2.89360  1.52012  3.28738  3.44020  3.61801  3.13548  3.17721  2.93009  2.94904  2.38394  4.94871  3.69441     23 l - - -
          2.68618  4.42225  2.77519  2.73123  3.46354  2.40513  3.72494  3.29354  2.67741  2.69355  4.24690  2.90347  2.73739  3.18146  2.89801  2.37887  2.77519  2.98518  4.58477  3.61503
          0.03243  3.84079  4.56314  0.61958  0.77255  0.48576  0.95510
     24   2.92596  5.02923  2.47571  1.07131  4.37163  3.25428  3.83896  3.81926  2.71557  3.44170  4.41764  2.91634  3.85751  3.05561  3.12074  2.91189  3.23012  3.50656  5.54921  4.27200     24 e - - -
          2.68618  4.42225  2.77519  2.73123  3.46354  2.40513  3.72494  3.29354  2.67741  2.69355  4.24690  2.90347  2.73739  3.18146  2.89801  2.37887  2.77519  2.98518  4.58477  3.61503
          0.03243  3.84079  4.56314  0.61958  0.77255  0.48576  0.95510
     25   2.69794  4.69270  2.69219  2.57470  4.05132  3.16332  3.89672  3.75532  2.79802  3.40594  4.36173  1.21541  3.81385  3.16981  3.15127  2.76659  3.07899  3.38074  5.36095  4.00223     25 n - - -
          2.68618  4.42225  2.77519  2.73123  3.46354  2.40513  3.72494  3.29354  2.67741  2.69355  4.24690  2.90347  2.73739  3.18146  2.89801  2.37887  2.77519  2.98518  4.58477  3.61503
          0.03243  3.84079  4.56314  0.61958  0.77255  0.48576  0.95510
     26   2.83713  5.11335  2.38821  1.36439  4.42498  3.25688  3.69431  3.84262  2.34502  3.42982  4.32128  2.79242  3.82226  2.86987  2.88372  2.79614  3.10925  3.50130  5.60038  4.23808     26 e - - -
          2.68618  4.42225  2.77519  2.73123  3.46354  2.40513  3.72494  3.29354  2.67741  2.69355  4.24690  2.90347  2.73739  3.18146  2.89801  2.37887  2.77519  2.98518  4.58477  3.61503
          0.03243  3.84079  4.56314  0.61958  0.77255  0.48576  0.95510
     27   2.39651  4.24136  3.40080  3.15188  3.94169  3.08155  4.17151  3.06500  3.09422  2.92960  3.98254  3.36602  3.78297  3.49075  3.35415  2.59747  1.22677  2.76336  5.38231  4.15846     27 t - - -
          2.68618  4.42225  2.77519  2.73123  3.46354  2.40513  3.72494  3.29354  2.67741  2.69355  4.24690  2.90347  2.73739  3.18146  2.89801  2.37887  2.77519  2.98518  4.58477  3.61503
          0.03243  3.84079  4.56314  0.61958  0.77255  0.48576  0.95510
     28   1.88871  4.18896  3.46074  2.99869  3.72417  3.20655  3.97497  2.51080  2.93408  2.71116  3.65179  3.28924  3.79653  3.26918  3.26189  2.49628  2.14625  2.50364  5.17976  3.94754     28 a - - -
          2.68618  4.42225  2.77519  2.73123  3.46354  2.40513  3.72494  3.29354  2.67741  2.69355  4.24690  2.90347  2.73739  3.18146  2.89801  2.37887  2.77519  2.98518  4.58477  3.61503
          0.03243  3.84079  4.56314  0.61958  0.77255  0.48576  0.95510
     29   2.62676  4.40480  3.29399  3.18965  4.33153  0.77971  4.31143  3.92385  3.36656  3.58186  4.55771  3.45841  3.79491  3.69330  3.60565  2.79785  3.10555  3.45832  5.43461  4.43252     29 g - - -
          2.68618  4.42225  2.77519  2.73123  3.46354  2.40513  3.72494  3.29354  2.67741  2.69355  4.24690  2.90347  2.73739  3.18146  2.89801  2.37887  2.77519  2.98518  4.58477  3.61503
          0.03243  3.84079  4.56314  0.61958  0.77255  0.48576  0.95510
     30   2.55169  1.00705  4.06262  3.79539  3.79448  3.18093  4.44950  2.93354  3.62229  2.85024  3.97068  3.79084  3.88537  3.96974  3.75212  2.82319  3.01585  2.68015  5.21680  4.08226     30 c - - -
          2.68618  4.42225  2.77519  2.73123  3.46354  2.40513  3.72494  3.29354  2.67741  2.69355  4.24690  2.90347  2.73739  3.18146  2.89801  2.37887  2.77519  2.98518  4.58477  3.61503
          0.03243  3.84079  4.56314  0.61958  0.77255  0.48576  0.95510
     31   2.31815  4.31184  3.02101  2.72406  4.13713  2.50599  3.89865  3.58216  2.75351  3.23018  4.07010  3.06631  3.67804  3.12527  2.88581  1.57182  2.73425  3.12776  5.44182  4.17077     31 s - - -
          2.68618  4.42225  2.77519  2.73123  3.46354  2.40513  3.72494  3.29354  2.67741  2.69355  4.24690  2.90347  2.73739  3.18146  2.89801  2.37887  2.77519  2.98518  4.58477  3.61503
          0.03243  3.84079  4.56314  0.61958  0.77255  0.48576  0.95510
     32   2.94386  4.90544  3.11768  2.74567  4.28462  3.43623  3.74285  3.71201  1.08250  3.28425  4.24784  3.17138  3.93917  2.93645  2.42729  2.98818  3.19971  3.42174  5.35265  4.16102     32 k - - -
          2.68618  4.42225  2.77519  2.73123  3.46354  2.40513  3.72494  3.29354  2.67741  2.69355  4.24690  2.90347  2.73739  3.18146  2.89801  2.37887  2.77519  2.98518  4.58477  3.61503
          0.03243  3.84079  4.56314  0.61958  0.77255  0.48576  0.95510
     33   2.94490  4.49885  4.01565  3.60710  3.19482  3.81048  4.34960  2.36729  3.37676  1.79462  1.44003  3.88839  4.27124  3.76094  3.58573  3.29052  3.24976  2.36964  5.03119  3.78995     33 m - - -
          2.68618  4.42225  2.77519  2.73123  3.46354  2.40513  3.72494  3.29354  2.67741  2.69355  4.24690  2.90347  2.73739  3.18146  2.89801  2.37887  2.77519  2.98518  4.58477  3.61503
          0.03243  3.84079  4.56314  0.61958  0.77255  0.48576  0.95510
     34   3.28433  4.67005  4.04359  3.74218  2.63576  3.69537  3.86239  3.30699  3.46524  2.70716  3.94222  3.89773  4.21058  3.85454  3.59902  3.48830  3.58323  3.19645  0.95169  2.63959     34 w - - -
          2.68618  4.42225  2.77519  2.73123  3.46354  2.40513  3.72494  3.29354  2.67741  2.69355  4.24690  2.90347  2.73739  3.18146  2.89801  2.37887  2.77519  2.98518  4.58477  3.61503
          0.03243  3.84079  4.56314  0.61958  0.77255  0.48576  0.95510
     35   2.95634  5.07846  0.96457  2.31673  4.45142  3.18735  3.90433  4.03255  2.98265  3.64674  4.62460  2.87132  3.83796  3.14375  3.49419  2.92260  3.29440  3.67527  5.62615  4.33014     35 d - - -
          2.68618  4.42225  2.77519  2.73123  3.46354  2.40513  3.72494  3.29354  2.67741  2.69355  4.24690  2.90347  2.73739  3.18146  2.89801  2.37887  2.77519  2.98518  4.58477  3.61503
          0.03243  3.84079  4.56314  0.61958  0.77255  0.48576  0.95510
     36   2.69794  4.69270  2.69219  2.57470  4.05132  3.16332  3.89672  3.75532  2.79802  3.40594  4.36173  1.21541  3.81385  3.16981  3.15127  2.76659  3.07899  3.38074  5.36095  4.00223     36 n - - -
          2.68618  4.42225  2.77519  2.73123  3.46354  2.40513  3.72494  3.29354  2.67741  2.69355  4.24690  2.90347  2.73739  3.18146  2.89801  2.37887  2.77519  2.98518  4.58477  3.61503
          0.03243  3.84079  4.56314  0.61958  0.77255  0.48576  0.95510
     37   3.12135  4.54390  4.40902  3.91044  3.07723  4.23835  4.56907  1.92877  3.69424  1.06635  2.97605  4.20265  4.53866  3.98890  3.89085  3.61823  3.37418  2.09393  5.06605  3.83695     37 l - - -
          2.68618  4.42225  2.77519  2.73123  3.46354  2.40513  3.72494  3.29354  2.67741  2.69355  4.24690  2.90347  2.73739  3.18146  2.89801  2.37887  2.77519  2.98518  4.58477  3.61503
          0.03243  3.84079  4.56314  0.61958  0.77255  0.48576  0.95510
     38   2.39651  4.24136  3.40080  3.15188  3.94169  3.08155  4.17151  3.06500  3.09422  2.92960  3.98254  3.36602  3.78297  3.49075  3.35415  2.59747  1.22677  2.76336  5.38231  4.15846     38 t - - -
          2.68618  4.42225  2.77519  2.73123  3.46354  2.40513  3.72494  3.29354  2.67741  2.69355  4.24690  2.90347  2.73739  3.18146  2.89801  2.37887  2.77519  2.98518  4.58477  3.61503
          0.03243  3.84079  4.56314  0.61958  0.77255  0.48576  0.95510
     39   2.55169  1.00705  4.06262  3.79539  3.79448  3.18093  4.44950  2.93354  3.62229  2.85024  3.97068  3.79084  3.88537  3.96974  3.75212  2.82319  3.01585  2.68015  5.21680  4.08226     39 c - - -
          2.68618  4.42225  2.77519  2.73123  3.46354  2.40513  3.72494  3.29354  2.67741  2.69355  4.24690  2.90347  2.73739  3.18146  2.89801  2.37887  2.77519  2.98518  4.58477  3.61503
          0.03243  3.84079  4.56314  0.61958  0.77255  0.48576  0.95510
     40   3.28433  4.67005  4.04359  3.74218  2.63576  3.69537  3.86239  3.30699  3.46524  2.70716  3.94222  3.89773  4.21058  3.85454  3.59902  3.48830  3.58323  3.19645  0.95169  2.63959     40 w - - -
          2.68618  4.42225  2.77519  2.73123  3.46354  2.40513  3.72494  3.29354  2.67741  2.69355  4.24690  2.90347  2.73739  3.18146  2.89801  2.37887  2.77519  2.98518  4.58477  3.61503
          0.03243  3.84079  4.56314  0.61958  0.77255  0.48576  0.95510
     41   2.71091  4.47302  3.31475  3.14958  4.14666  3.16235  4.22929  3.68435  3.20425  3.31447  4.36328  3.45925  0.88868  3.59401  3.45299  2.87752  3.15009  3.33329  5.34149  4.26705     41 p - - -
          2.68618  4.42225  2.77519  2.73123  3.46354  2.40513  3.72494  3.29354  2.67741  2.69355  4.24690  2.90347  2.73739  3.18146  2.89801  2.37887  2.77519  2.98518  4.58477  3.61503
          0.03243  3.84079  4.56314  0.61958  0.77255  0.48576  0.95510
     42   1.36886  4.10332  3.43248  3.13508  4.03479  2.95883  4.15790  3.10621  3.11913  3.01873  3.96718  3.29368  3.68423  3.45058  3.40413  2.41568  2.19202  2.73808  5.46825  4.25373     42 a - - -
          2.68618  4.42225  2.77519  2.73123  3.46354  2.40513  3.72494  3.29354  2.67741  2.69355  4.24690  2.90347  2.73739  3.18146  2.89801  2.37887  2.77519  2.98518  4.58477  3.61503
          0.03243  3.84079  4.56314  0.61958  0.77255  0.48576  0.95510
     43   2.39651  4.24136  3.40080  3.15188  3.94169  3.08155  4.17151  3.06500  3.09422  2.92960  3.98254  3.36602  3.78297  3.49075  3.35415  2.59747  1.22677  2.76336  5.38231  4.15846     43 t - - -
          2.68618  4.42225  2.77519  2.73123  3.46354  2.40513  3.72494  3.29354  2.67741  2.69355  4.24690  2.90347  2.73739  3.18146  2.89801  2.37887  2.77519  2.98518  4.58477  3.61503
          0.03243  3.84079  4.56314  0.61958  0.77255  0.48576  0.95510
     44   2.71091  4.47302  3.31475  3.14958  4.14666  3.16235  4.22929  3.68435  3.20425  3.31447  4.36328  3.45925  0.88868  3.59401  3.45299  2.87752  3.15009  3.33329  5.34149  4.26705     44 p - - -
          2.68618  4.42225  2.77519  2.73123  3.46354  2.40513  3.72494  3.29354  2.67741  2.69355  4.24690  2.90347  2.73739  3.18146  2.89801  2.37887  2.77519  2.98518  4.58477  3.61503
          0.03243  3.84079  4.56314  0.61958  0.77255  0.48576  0.95510
     45   2.71742  4.73630  3.23927  2.64189  3.91784  3.48991  3.59674  3.39487  2.13858  2.97133  3.84896  3.08179  3.54800  2.69222  1.72134  2.78422  2.93345  3.11389  4.47041  3.86396     45 r - - -
          2.68618  4.42225  2.77519  2.73123  3.46354  2.40513  3.72494  3.29354  2.67741  2.69355  4.24690  2.90347  2.73739  3.18146  2.89801  2.37887  2.77519  2.98518  4.58477  3.61503
          0.03243  3.84079  4.56314  0.61958  0.77255  0.48576  0.95510
     46   2.62676  4.40480  3.29399  3.18965  4.33153  0.77971  4.31143  3.92385  3.36656  3.58186  4.55771  3.45841  3.79491  3.69330  3.60565  2.79785  3.10555  3.45832  5.43461  4.43252     46 g - - -
          2.68618  4.42225  2.77519  2.73123  3.46354  2.40513  3.72494  3.29354  2.67741  2.69355  4.24690  2.90347  2.73739  3.18146  2.89801  2.37887  2.77519  2.98518  4.58477  3.61503
          0.03243  3.84079  4.56314  0.61958  0.77255  0.48576  0.95510
     47   2.81585  4.92144  2.78284  2.49411  3.94427  3.37205  3.40673  3.68887  2.28966  3.19752  4.12680  2.97446  3.87638  1.58292  2.58974  2.83049  3.07282  3.38483  5.22846  3.83699     47 q - - -
          2.68618  4.42225  2.77519  2.73123  3.46354  2.40513  3.72494  3.29354  2.67741  2.69355  4.24690  2.90347  2.73739  3.18146  2.89801  2.37887  2.77519  2.98518  4.58477  3.61503
          0.03243  3.84079  4.56314  0.61958  0.77255  0.48576  0.95510
     48   2.53976  4.26812  4.00273  3.64077  3.59350  3.60592  4.49771  2.04601  3.52399  2.27634  3.50541  3.83148  4.18388  3.87677  3.76109  3.05173  3.03720  1.17748  5.35934  4.10516     48 v - - -
          2.68618  4.42225  2.77519  2.73123  3.46354  2.40513  3.72494  3.29354  2.67741  2.69355  4.24690  2.90347  2.73739  3.18146  2.89801  2.37887  2.77519  2.98518  4.58477  3.61503
          0.03243  3.84079  4.56314  0.61958  0.77255  0.48576  0.95510
     49   2.78321  4.33507  4.08108  3.74369  3.52745  3.69063  4.55104  2.05347  3.61097  2.22031  3.49788  3.93847  4.25324  3.97326  3.82644  3.19254  3.14574  1.06586  5.30638  4.03582     49 v - - -
          2.68618  4.42225  2.77519  2.73123  3.46354  2.40513  3.72494  3.29354  2.67741  2.69355  4.24690  2.90347  2.73739  3.18146  2.89801  2.37887  2.77519  2.98518  4.58477  3.61503
          0.03243  3.84079  4.56314  0.61958  0.77255  0.48576  0.95510
     50   2.91088  4.34775  4.36746  3.89598  3.45140  4.06455  4.67167  1.70418  3.75419  2.02494  3.31893  4.14131  4.47595  4.07392  3.98803  3.45760  3.20523  1.16618  5.34115  4.09598     50 v - - -
          2.68618  4.42225  2.77519  2.73123  3.46354  2.40513  3.72494  3.29354  2.67741  2.69355  4.24690  2.90347  2.73739  3.18146  2.89801  2.37887  2.77519  2.98518  4.58477  3.61503
          0.03243  3.84079  4.56314  0.61958  0.77255  0.48576  0.95510
     51   3.11711  4.57169  4.33830  3.83875  3.04494  4.18513  4.50196  2.16240  3.58783  1.01693  2.77220  4.13809  4.49720  3.91093  3.78608  3.56698  3.37124  2.22077  5.02562  3.79535     51 l - - -
          2.68618  4.42225  2.77519  2.73123  3.46354  2.40513  3.72494  3.29354  2.67741  2.69355  4.24690  2.90347  2.73739  3.18146  2.89801  2.37887  2.77519  2.98518  4.58477  3.61503
          0.03243  3.84079  4.56314  0.61958  0.77255  0.48576  0.95510
     52   1.67969  4.54444  2.27055  2.44868  4.17469  3.10019  3.80660  3.53166  2.74057  3.23061  4.08600  2.91088  3.71936  3.00927  3.18939  2.41522  2.83021  3.14202  5.48985  4.15846     52 a - - -
          2.68618  4.42225  2.77519  2.73123  3.46354  2.40513  3.72494  3.29354  2.67741  2.69355  4.24690  2.90347  2.73739  3.18146  2.89801  2.37887  2.77519  2.98518  4.58477  3.61503
          0.03243  3.84079  4.56314  0.61958  0.77255  0.48576  0.95510
     53   2.55169  1.00705  4.06262  3.79539  3.79448  3.18093  4.44950  2.93354  3.62229  2.85024  3.97068  3.79084  3.88537  3.96974  3.75212  2.82319  3.01585  2.68015  5.21680  4.08226     53 c - - -
          2.68618  4.42225  2.77519  2.73123  3.46354  2.40513  3.72494  3.29354  2.67741  2.69355  4.24690  2.90347  2.73739  3.18146  2.89801  2.37887  2.77519  2.98518  4.58477  3.61503
          0.03243  3.84079  4.56314  0.61958  0.77255  0.48576  0.95510
     54   2.71091  4.47302  3.31475  3.14958  4.14666  3.16235  4.22929  3.68435  3.20425  3.31447  4.36328  3.45925  0.88868  3.59401  3.45299  2.87752  3.15009  3.33329  5.34149  4.26705     54 p - - -
          2.68618  4.42225  2.77519  2.73123  3.46354  2.40513  3.72494  3.29354  2.67741  2.69355  4.24690  2.90347  2.73739  3.18146  2.89801  2.37887  2.77519  2.98518  4.58477  3.61503
          0.03243  3.84079  4.56314  0.61958  0.77255  0.48576  0.95510
     55   2.80468  4.38555  3.97171  3.50025  3.28538  3.78962  4.30513  2.21072  3.30620  1.31247  3.18888  3.79172  4.23417  3.67069  3.55123  3.16467  2.76709  2.08197  5.10001  3.87485     55 l - - -
          2.68618  4.42225  2.77519  2.73123  3.46354  2.40513  3.72494  3.29354  2.67741  2.69355  4.24690  2.90347  2.73739  3.18146  2.89801  2.37887  2.77519  2.98518  4.58477  3.61503
          0.03243  3.84079  4.56314  0.61958  0.77255  0.48576  0.95510
     56   3.00650  4.43464  4.28976  3.90473  3.35334  4.03158  4.63906  1.11804  3.73222  1.94639  3.29417  4.15455  4.46625  4.08406  3.93245  3.52420  3.30640  1.84635  5.23728  3.97253     56 i - - -
          2.68618  4.42225  2.77519  2.73123  3.46354  2.40513  3.72494  3.29354  2.67741  2.69355  4.24690  2.90347  2.73739  3.18146  2.89801  2.37887  2.77519  2.98518  4.58477  3.61503
          0.03243  3.84079  4.56314  0.61958  0.77255  0.48576  0.95510
     57   3.27004  4.64481  4.25743  3.87695  1.22196  4.10767  3.53680  2.90678  3.74639  2.27415  3.54972  3.87589  4.45186  3.86190  3.87957  3.47683  3.50949  2.85754  3.75147  1.88620     57 f - - -
          2.68618  4.42225  2.77519  2.73123  3.46354  2.40513  3.72494  3.29354  2.67741  2.69355  4.24690  2.90347  2.73739  3.18146  2.89801  2.37887  2.77519  2.98518  4.58477  3.61503
          0.03243  3.84079  4.56314  0.61958  0.77255  0.48576  0.95510
     58   2.86612  5.04707  3.10523  2.56817  4.42382  3.50936  3.55313  3.80602  1.59806  3.28863  4.13960  3.02328  3.90400  2.15282  2.06781  2.85950  3.05721  3.47846  5.38614  4.15467     58 k - - -
          2.68618  4.42225  2.77519  2.73123  3.46354  2.40513  3.72494  3.29354  2.67741  2.69355  4.24690  2.90347  2.73739  3.18146  2.89801  2.37887  2.77519  2.98518  4.58477  3.61503
          0.03243  3.84079  4.56314  0.61958  0.77255  0.48576  0.95510
     59   3.06325  4.49662  4.39963  3.88169  3.13311  4.20109  4.57644  1.97934  3.69438  1.13376  3.00092  4.17317  4.51240  3.97542  3.90398  3.56219  3.32025  1.89752  5.11355  3.91218     59 l - - -
          2.68618  4.42225  2.77519  2.73123  3.46354  2.40513  3.72494  3.29354  2.67741  2.69355  4.24690  2.90347  2.73739  3.18146  2.89801  2.37887  2.77519  2.98518  4.58477  3.61503
          0.03243  3.84079  4.56314  0.61958  0.77255  0.48576  0.95510
     60   3.21872  4.62997  4.19515  3.90401  1.06504  3.91513  3.86433  2.74675  3.81193  2.12434  3.48189  3.98376  4.37474  3.98877  3.93947  3.49003  3.52000  2.73504  4.12353  2.49482     60 f - - -
          2.68618  4.42225  2.77519  2.73123  3.46354  2.40513  3.72494  3.29354  2.67741  2.69355  4.24690  2.90347  2.73739  3.18146  2.89801  2.37887  2.77519  2.98518  4.58477  3.61503
          0.03243  3.84079  4.56314  0.61958  0.77255  0.48576  0.95510
     61   2.11975  4.16090  3.18025  2.97083  4.11974  2.90806  4.09505  3.51454  3.04275  3.26476  4.16098  3.18595  3.64952  3.37955  3.34245  1.26442  2.70099  3.04162  5.50018  4.22551     61 s - - -
          2.68618  4.42225  2.77519  2.73123  3.46354  2.40513  3.72494  3.29354  2.67741  2.69355  4.24690  2.90347  2.73739  3.18146  2.89801  2.37887  2.77519  2.98518  4.58477  3.61503
          0.03243  3.84079  4.56314  0.61958  0.77255  0.48576  0.95510
     62   2.51102  4.55037  2.85140  2.53279  3.93615  3.20045  3.20341  3.47801  2.56069  3.10085  3.96071  2.97905  2.12725  2.95468  2.93639  2.35119  2.83896  3.12109  5.26669  3.92162     62 p - - -
          2.68618  4.42225  2.77519  2.73123  3.46354  2.40513  3.72494  3.29354  2.67741  2.69355  4.24690  2.90347  2.73739  3.18146  2.89801  2.37887  2.77519  2.98518  4.58477  3.61503
          0.03243  3.84079  4.56314  0.61958  0.77255  0.48576  0.95510
     63   2.69254  4.28526  4.26969  3.76533  3.49260  3.98971  4.55749  1.40639  3.65109  2.10740  3.33212  4.02663  4.39356  3.95375  3.89924  3.35081  2.97842  1.53008  5.30048  4.09646     63 i - - -
          2.68618  4.42225  2.77519  2.73123  3.46354  2.40513  3.72494  3.29354  2.67741  2.69355  4.24690  2.90347  2.73739  3.18146  2.89801  2.37887  2.77519  2.98518  4.58477  3.61503
          0.03243  3.84079  4.56314  0.61958  0.77255  0.48576  0.95510
     64   2.76684  4.93555  2.90585  2.47455  4.06433  3.42736  2.70929  3.65649  2.15445  3.18689  4.04545  2.95981  3.85821  2.00015  2.38073  2.77459  2.98747  3.33719  5.26002  3.91337     64 q - - -
          2.68618  4.42225  2.77519  2.73123  3.46354  2.40513  3.72494  3.29354  2.67741  2.69355  4.24690  2.90347  2.73739  3.18146  2.89801  2.37887  2.77519  2.98518  4.58477  3.61503
          0.03243  3.84079  4.56314  0.61958  0.77255  0.48576  0.95510
     65   2.56130  4.54424  2.45291  2.59681  4.31015  1.25565  3.98157  3.81351  2.98237  3.46911  4.36007  3.03203  3.74808  3.23666  3.38416  2.65661  2.97629  3.37081  5.53433  4.30421     65 g - - -
          2.68618  4.42225  2.77519  2.73123  3.46354  2.40513  3.72494  3.29354  2.67741  2.69355  4.24690  2.90347  2.73739  3.18146  2.89801  2.37887  2.77519  2.98518  4.58477  3.61503
          0.03243  3.84079  4.56314  0.61958  0.77255  0.48576  0.95510
     66   2.66803  4.57820  3.26534  2.68739  3.43779  3.51422  3.24664  3.14397  2.36652  2.43543  3.66476  3.12381  3.89281  2.88639  2.16657  2.77741  2.88716  2.89571  4.85070  3.04796     66 r - - -
          2.68618  4.42225  2.77519  2.73123  3.46354  2.40513  3.72494  3.29354  2.67741  2.69355  4.24690  2.90347  2.73739  3.18146  2.89801  2.37887  2.77519  2.98518  4.58477  3.61503
          0.03243  3.84079  4.56314  0.61958  0.77255  0.48576  0.95510
     67   2.69794  4.69270  2.69219  2.57470  4.05132  3.16332  3.89672  3.75532  2.79802  3.40594  4.36173  1.21541  3.81385  3.16981  3.15127  2.76659  3.07899  3.38074  5.36095  4.00223     67 n - - -
          2.68618  4.42225  2.77519  2.73123  3.46354  2.40513  3.72494  3.29354  2.67741  2.69355  4.24690  2.90347  2.73739  3.18146  2.89801  2.37887  2.77519  2.98518  4.58477  3.61503
          0.03243  3.84079  4.56314  0.61958  0.77255  0.48576  0.95510
     68   2.96009  4.35134  4.47640  3.98478  3.44575  4.18454  4.74414  1.52272  3.85743  1.98446  3.28511  4.23600  4.54838  4.15253  4.08499  3.56541  3.23747  1.23905  5.36342  4.14195     68 v - - -
          2.68618  4.42225  2.77519  2.73123  3.46354  2.40513  3.72494  3.29354  2.67741  2.69355  4.24690  2.90347  2.73739  3.18146  2.89801  2.37887  2.77519  2.98518  4.58477  3.61503
          0.03243  3.84079  4.56314  0.61958  0.77255  0.48576  0.95510
     69   2.30020  4.21993  3.17966  2.99443  4.04499  2.95043  4.10494  3.56353  3.06605  3.28639  4.21545  3.22398  3.68672  3.41795  3.35274  1.13984  2.77805  3.10558  5.42012  4.12846     69 s - - -
          2.68618  4.42225  2.77519  2.73123  3.46354  2.40513  3.72494  3.29354  2.67741  2.69355  4.24690  2.90347  2.73739  3.18146  2.89801  2.37887  2.77519  2.98518  4.58477  3.61503
          0.03243  3.84079  4.56314  0.61958  0.77255  0.48576  0.95510
     70   2.97055  4.81101  3.45806  2.97636  4.15758  3.46403  3.80273  3.69748  2.22664  3.21921  4.22065  3.33829  3.96855  3.02501  1.02793  3.05652  3.23893  3.42291  5.25373  4.09227     70 r - - -
          2.68618  4.42225  2.77519  2.73123  3.46354  2.40513  3.72494  3.29354  2.67741  2.69355  4.24690  2.90347  2.73739  3.18146  2.89801  2.37887  2.77519  2.98518  4.58477  3.61503
          0.03243  3.84079  4.56314  0.61958  0.77255  0.48576  0.95510
     71   2.44872  4.48403  2.83602  2.55385  4.04023  3.12586  3.52977  3.53554  2.63271  3.16845  4.01789  2.73168  3.72907  3.00346  3.01134  1.64742  2.69038  3.14246  5.35769  4.03284     71 s - - -
          2.68618  4.42225  2.77519  2.73123  3.46354  2.40513  3.72494  3.29354  2.67741  2.69355  4.24690  2.90347  2.73739  3.18146  2.89801  2.37887  2.77519  2.98518  4.58477  3.61503
          0.03243  3.84079  4.56314  0.61958  0.77255  0.48576  0.95510
     72   2.55169  1.00705  4.06262  3.79539  3.79448  3.18093  4.44950  2.93354  3.62229  2.85024  3.97068  3.79084  3.88537  3.96974  3.75212  2.82319  3.01585  2.68015  5.21680  4.08226     72 c - - -
          2.68618  4.42225  2.77519  2.73123  3.46354  2.40513  3.72494  3.29354  2.67741  2.69355  4.24690  2.90347  2.73739  3.18146  2.89801  2.37887  2.77519  2.98518  4.58477  3.61503
          0.03243  3.84079  4.56314  0.61958  0.77255  0.48576  0.95510
     73   2.39651  4.24136  3.40080  3.15188  3.94169  3.08155  4.17151  3.06500  3.09422  2.92960  3.98254  3.36602  3.78297  3.49075  3.35415  2.59747  1.22677  2.76336  5.38231  4.15846     73 t - - -
          2.68618  4.42225  2.77519  2.73123  3.46354  2.40513  3.72494  3.29354  2.67741  2.69355  4.24690  2.90347  2.73739  3.18146  2.89801  2.37887  2.77519  2.98518  4.58477  3.61503
          0.03243  3.84079  4.56314  0.61958  0.77255  0.48576  0.95510
     74   2.86784  5.37335  1.54075  1.62439  4.65933  3.16155  3.70250  4.15639  2.70795  3.68888  4.55173  2.63840  3.77875  2.87358  3.28390  2.76444  3.15661  3.75136  5.84899  4.37000     74 d - - -
          2.68618  4.42225  2.77519  2.73123  3.46354  2.40513  3.72494  3.29354  2.67741  2.69355  4.24690  2.90347  2.73739  3.18146  2.89801  2.37887  2.77519  2.98518  4.58477  3.61503
          0.03243  3.84079  4.56314  0.61958  0.77255  0.48576  0.95510
     75   2.49527  4.93599  2.43247  1.41425  4.32528  3.21659  3.74210  3.64325  2.59561  3.32205  4.23871  2.82171  3.80291  2.92752  3.02664  2.73718  3.04227  3.31506  5.58254  4.21818     75 e - - -
          2.68618  4.42225  2.77519  2.73123  3.46354  2.40513  3.72494  3.29354  2.67741  2.69355  4.24690  2.90347  2.73739  3.18146  2.89801  2.37887  2.77519  2.98518  4.58477  3.61503
          0.03243  3.84079  4.56314  0.61958  0.77255  0.48576  0.95510
     76   2.62676  4.40480  3.29399  3.18965  4.33153  0.77971  4.31143  3.92385  3.36656  3.58186  4.55771  3.45841  3.79491  3.69330  3.60565  2.79785  3.10555  3.45832  5.43461  4.43252     76 g - - -
          2.68618  4.42225  2.77519  2.73123  3.46354  2.40513  3.72494  3.29354  2.67741  2.69355  4.24690  2.90347  2.73739  3.18146  2.89801  2.37887  2.77519  2.98518  4.58477  3.61503
          0.03243  3.84079  4.56314  0.61958  0.77255  0.48576  0.95510
     77   3.28433  4.67005  4.04359  3.74218  2.63576  3.69537  3.86239  3.30699  3.46524  2.70716  3.94222  3.89773  4.21058  3.85454  3.59902  3.48830  3.58323  3.19645  0.95169  2.63959     77 w - - -
          2.68618  4.42225  2.77519  2.73123  3.46354  2.40513  3.72494  3.29354  2.67741  2.69355  4.24690  2.90347  2.73739  3.18146  2.89801  2.37887  2.77519  2.98518  4.58477  3.61503
          0.03243  3.84079  4.56314  0.61958  0.77255  0.48576  0.95510
     78   2.32243  4.22266  3.32262  2.89503  3.84615  3.11034  3.92299  3.10744  2.82157  2.88721  3.50805  3.19544  3.73044  3.18710  3.15427  2.04225  1.85989  2.77533  5.24740  3.99556     78 t - - -
          2.68618  4.42225  2.77519  2.73123  3.46354  2.40513  3.72494  3.29354  2.67741  2.69355  4.24690  2.90347  2.73739  3.18146  2.89801  2.37887  2.77519  2.98518  4.58477  3.61503
          0.03243  3.84079  4.56314  0.61958  0.77255  0.48576  0.95510
     79   2.64684  4.84570  2.78341  2.38213  4.08964  3.34297  2.88665  3.57426  2.31319  3.14629  3.97944  2.89184  3.04949  2.23011  2.69951  2.59745  2.89035  3.23972  5.31682  3.97185     79 q - - -
          2.68618  4.42225  2.77519  2.73123  3.46354  2.40513  3.72494  3.29354  2.67741  2.69355  4.24690  2.90347  2.73739  3.18146  2.89801  2.37887  2.77519  2.98518  4.58477  3.61503
          0.03243  3.84079  4.56314  0.61958  0.77255  0.48576  0.95510
     80   3.12018  4.59211  4.13842  3.77860  3.12444  3.94151  4.44429  2.32733  3.54664  0.91522  3.15816  4.05710  4.38264  3.92257  3.72770  3.50937  3.41606  2.35635  4.99176  3.70760     80 l - - -
          2.68618  4.42225  2.77519  2.73123  3.46354  2.40513  3.72494  3.29354  2.67741  2.69355  4.24690  2.90347  2.73739  3.18146  2.89801  2.37887  2.77519  2.98518  4.58477  3.61503
          0.03243  3.84079  4.56314  0.61958  0.77255  0.48576  0.95510
     81   2.81553  5.10247  2.31687  1.32816  4.41681  3.21013  3.71635  3.89486  2.57954  3.49000  4.37756  2.60130  3.80495  2.90144  3.02101  2.77354  3.10928  3.53274  5.63136  4.23181     81 e - - -
          2.68618  4.42225  2.77519  2.73123  3.46354  2.40513  3.72494  3.29354  2.67741  2.69355  4.24690  2.90347  2.73739  3.18146  2.89801  2.37887  2.77519  2.98518  4.58477  3.61503
          0.03243  3.84079  4.56314  0.61958  0.77255  0.48576  0.95510
     82   2.37344  4.30751  3.06389  2.86135  4.06436  3.01472  4.02118  3.53153  2.92613  3.22777  4.15663  3.16507  1.46111  3.30185  3.23424  2.38407  2.81916  3.11230  5.41440  4.13740     82 p - - -
          2.68618  4.42225  2.77519  2.73123  3.46354  2.40513  3.72494  3.29354  2.67741  2.69355  4.24690  2.90347  2.73739  3.18146  2.89801  2.37887  2.77519  2.98518  4.58477  3.61503
          0.03243  3.84079  4.56314  0.61958  0.77255  0.48576  0.95510
     83   2.62676  4.40480  3.29399  3.18965  4.33153  0.77971  4.31143  3.92385  3.36656  3.58186  4.55771  3.45841  3.79491  3.69330  3.60565  2.79785  3.10555  3.45832  5.43461  4.43252     83 g - - -
          2.68618  4.42225  2.77519  2.73123  3.46354  2.40513  3.72494  3.29354  2.67741  2.69355  4.24690  2.90347  2.73739  3.18146  2.89801  2.37887  2.77519  2.98518  4.58477  3.61503
          0.03243  3.84079  4.56314  0.61958  0.77255  0.48576  0.95510
     84   2.32787  4.28033  3.04954  2.82981  4.09417  2.99020  3.99924  3.55169  2.90409  3.24220  4.13781  3.13302  1.60121  3.26572  3.22550  2.22263  2.77338  3.10952  5.43993  4.16136     84 p - - -
          2.68618  4.42225  2.77519  2.73123  3.46354  2.40513  3.72494  3.29354  2.67741  2.69355  4.24690  2.90347  2.73739  3.18146  2.89801  2.37887  2.77519  2.98518  4.58477  3.61503
          0.03243  3.84079  4.56314  0.61958  0.77255  0.48576  0.95510
     85   3.20219  4.70401  3.79185  3.51570  2.29528  3.79353  3.60506  3.21591  3.37413  2.67791  3.89436  3.68505  4.26831  3.68777  3.56416  3.34189  3.48884  3.08503  3.93769  1.02014     85 y - - -
          2.68618  4.42225  2.77519  2.73123  3.46354  2.40513  3.72494  3.29354  2.67741  2.69355  4.24690  2.90347  2.73739  3.18146  2.89801  2.37887  2.77519  2.98518  4.58477  3.61503
          0.03243  3.84079  4.56314  0.61958  0.77255  0.48576  0.95510
     86   2.59738  4.58089  2.98008  2.55900  3.54579  3.37115  3.28244  3.24747  2.51761  2.87816  3.75990  3.02267  2.32030  2.91285  2.89542  2.61336  2.85798  2.96417  4.96172  3.18098     86 p - - -
          2.68618  4.42225  2.77519  2.73123  3.46354  2.40513  3.72494  3.29354  2.67741  2.69355  4.24690  2.90347  2.73739  3.18146  2.89801  2.37887  2.77519  2.98518  4.58477  3.61503
          0.03243  3.84079  4.56314  0.61958  0.77255  0.48576  0.95510
     87   2.85930  4.29453  4.27803  3.74933  3.44560  4.04718  4.52681  1.51069  3.63430  2.01331  3.29024  4.03050  4.41172  3.92934  3.88477  3.38855  2.78876  1.48951  5.25161  4.04916     87 v - - -
          2.68618  4.42225  2.77519  2.73123  3.46354  2.40513  3.72494  3.29354  2.67741  2.69355  4.24690  2.90347  2.73739  3.18146  2.89801  2.37887  2.77519  2.98518  4.58477  3.61503
          0.03243  3.84079  4.56314  0.61958  0.77255  0.48576  0.95510
     88   1.06042  4.17705  3.43109  3.22146  4.02145  3.00233  4.24716  3.14228  3.23691  3.02529  4.06101  3.37887  3.73861  3.58110  3.48933  2.52783  2.80302  2.80219  5.45179  4.24862     88 a - - -
          2.68618  4.42225  2.77519  2.73123  3.46354  2.40513  3.72494  3.29354  2.67741  2.69355  4.24690  2.90347  2.73739  3.18146  2.89801  2.37887  2.77519  2.98518  4.58477  3.61503
          0.03243  3.84079  4.56314  0.61958  0.77255  0.48576  0.95510
     89   2.55169  1.00705  4.06262  3.79539  3.79448  3.18093  4.44950  2.93354  3.62229  2.85024  3.97068  3.79084  3.88537  3.96974  3.75212  2.82319  3.01585  2.68015  5.21680  4.08226     89 c - - -
          2.68618  4.42225  2.77519  2.73123  3.46354  2.40513  3.72494  3.29354  2.67741  2.69355  4.24690  2.90347  2.73739  3.18146  2.89801  2.37887  2.77519  2.98518  4.58477  3.61503
          0.03243  3.84079  4.56314  0.61958  0.77255  0.48576  0.95510
     90   2.62676  4.40480  3.29399  3.18965  4.33153  0.77971  4.31143  3.92385  3.36656  3.58186  4.55771  3.45841  3.79491  3.69330  3.60565  2.79785  3.10555  3.45832  5.43461  4.43252     90 g - - -
          2.68618  4.42225  2.77519  2.73123  3.46354  2.40513  3.72494  3.29354  2.67741  2.69355  4.24690  2.90347  2.73739  3.18146  2.89801  2.37887  2.77519  2.98518  4.58477  3.61503
          0.03243  3.84079  4.56314  0.61958  0.77255  0.48576  0.95510
     91   2.70699  4.34153  3.75550  3.26159  3.24949  3.65729  4.06033  2.41117  3.06020  1.45307  3.11263  3.57867  4.09817  3.44653  3.32302  2.72073  2.98885  2.30546  4.92822  3.64101     91 l - - -
          2.68618  4.42225  2.77519  2.73123  3.46354  2.40513  3.72494  3.29354  2.67741  2.69355  4.24690  2.90347  2.73739  3.18146  2.89801  2.37887  2.77519  2.98518  4.58477  3.61503
          0.03243  3.84079  4.56314  0.61958  0.77255  0.48576  0.95510
     92   2.84472  5.33315  1.42054  1.99023  4.62913  3.15242  3.70078  4.14365  2.70922  3.67592  4.53325  2.31221  3.77326  2.87389  3.28361  2.74881  3.13921  3.73313  5.83868  4.35129     92 d - - -
          2.68618  4.42225  2.77519  2.73123  3.46354  2.40513  3.72494  3.29354  2.67741  2.69355  4.24690  2.90347  2.73739  3.18146  2.89801  2.37887  2.77519  2.98518  4.58477  3.61503
          0.03243  3.84079  4.56314  0.61958  0.77255  0.48576  0.95510
     93   2.95634  5.07846  0.96457  2.31673  4.45142  3.18735  3.90433  4.03255  2.98265  3.64674  4.62460  2.87132  3.83796  3.14375  3.49419  2.92260  3.29440  3.67527  5.62615  4.33014     93 d - - -
          2.68618  4.42225  2.77519  2.73123  3.46354  2.40513  3.72494  3.29354  2.67741  2.69355  4.24690  2.90347  2.73739  3.18146  2.89801  2.37887  2.77519  2.98518  4.58477  3.61503
          0.03243  3.84079  4.56314  0.61958  0.77255  0.48576  0.95510
     94   2.66800  4.88622  2.89615  2.42434  4.23810  3.20864  3.57888  3.64643  1.85298  3.19565  4.01765  2.58478  3.80658  2.72206  2.34445  2.60046  2.77135  3.30029  5.36888  4.06757     94 k - - -
          2.68618  4.42225  2.77519  2.73123  3.46354  2.40513  3.72494  3.29354  2.67741  2.69355  4.24690  2.90347  2.73739  3.18146  2.89801  2.37887  2.77519  2.98518  4.58477  3.61503
          0.03243  3.84079  4.56314  0.61958  0.77255  0.48576  0.95510
     95   1.53265  4.30881  2.95754  2.56589  4.08336  2.65012  3.90777  3.43675  2.82440  3.14602  4.00162  3.05536  3.69077  3.14495  3.19456  2.38277  2.74182  3.02729  5.42142  4.15654     95 a - - -
          2.68618  4.42225  2.77519  2.73123  3.46354  2.40513  3.72494  3.29354  2.67741  2.69355  4.24690  2.90347  2.73739  3.18146  2.89801  2.37887  2.77519  2.98518  4.58477  3.61503
          0.03243  3.84079  4.56314  0.61958  0.77255  0.48576  0.95510
     96   2.09483  4.20917  3.24606  2.91354  3.94248  3.02712  3.98453  3.24676  2.89426  2.79659  3.93443  3.18547  3.70057  3.25398  3.21675  1.52286  2.71349  2.87261  5.34495  4.06978     96 s - - -
          2.68618  4.42225  2.77519  2.73123  3.46354  2.40513  3.72494  3.29354  2.67741  2.69355  4.24690  2.90347  2.73739  3.18146  2.89801  2.37887  2.77519  2.98518  4.58477  3.61503
          0.03243  3.84079  4.56314  0.61958  0.77255  0.48576  0.95510
     97   2.21167  4.17361  3.10147  2.89345  4.22453  2.29075  4.06990  3.69077  3.03209  3.37052  4.21093  3.13823  3.62771  3.33527  3.36011  1.38174  2.68944  3.15394  5.55105  4.30181     97 s - - -
          2.68618  4.42225  2.77519  2.73123  3.46354  2.40513  3.72494  3.29354  2.67741  2.69355  4.24690  2.90347  2.73739  3.18146  2.89801  2.37887  2.77519  2.98518  4.58477  3.61503
          0.03243  3.84079  4.56314  0.61958  0.77255  0.48576  0.95510
     98   2.82496  4.36609  3.97654  3.44274  2.91937  3.86451  4.13696  2.29513  3.29511  1.33586  2.97075  3.75265  4.22690  3.59498  3.54741  2.99523  3.07541  2.24305  4.82405  3.51790     98 l - - -
          2.68618  4.42225  2.77519  2.73123  3.46354  2.40513  3.72494  3.29354  2.67741  2.69355  4.24690  2.90347  2.73739  3.18146  2.89801  2.37887  2.77519  2.98518  4.58477  3.61503
          0.03243  3.84079  4.56314  0.61958  0.77255  0.48576  0.95510
     99   2.77186  5.12770  1.51736  2.07735  4.28423  3.22064  3.66860  3.82451  2.61142  3.40641  4.27037  2.71815  3.78347  2.84758  3.13198  2.72034  3.04393  3.47189  5.56285  3.62685     99 d - - -
          2.68618  4.42225  2.77519  2.73123  3.46354  2.40513  3.72494  3.29354  2.67741  2.69355  4.24690  2.90347  2.73739  3.18146  2.89801  2.37887  2.77519  2.98518  4.58477  3.61503
          0.03243  3.84079  4.56314  0.61958  0.77255  0.48576  0.95510
    100   2.92596  5.02923  2.47571  1.07131  4.37163  3.25428  3.83896  3.81926  2.71557  3.44170  4.41764  2.91634  3.85751  3.05561  3.12074  2.91189  3.23012  3.50656  5.54921  4.27200    100 e - - -
          2.68618  4.42225  2.77519  2.73123  3.46354  2.40513  3.72494  3.29354  2.67741  2.69355  4.24690  2.90347  2.73739  3.18146  2.89801  2.37887  2.77519  2.98518  4.58477  3.61503
          0.02194  3.83030        *  0.61958  0.77255  0.00000        *
//
