HMMER3/f [3.1b2 | February 2015]
NAME  VPAC2
LENG  116
ALPH  amino
RF    no
MM    no
CONS  yes
CS    no
MAP   yes
DATE  Mon Jul  3 14:09:13 2017
NSEQ  202
EFFN  0.557892
CKSUM 3515967464
STATS LOCAL MSV       -9.8221  0.71414
STATS LOCAL VITERBI  -10.6491  0.71414
STATS LOCAL FORWARD   -4.2033  0.71414
HMM          A        C        D        E        F        G        H        I        K        L        M        N        P        Q        R        S        T        V        W        Y   
            m->m     m->i     m->d     i->m     i->i     d->m     d->d
  COMPO   2.60438  3.48778  2.79712  2.57079  3.27075  2.84451  3.74906  2.92307  2.72645  2.59533  3.64066  2.98155  3.21082  3.13603  3.03371  2.67638  2.88732  2.73647  3.98204  3.58803
          2.68618  4.42225  2.77519  2.73123  3.46354  2.40513  3.72494  3.29354  2.67741  2.69355  4.24690  2.90347  2.73739  3.18146  2.89801  2.37887  2.77519  2.98518  4.58477  3.61503
          0.03009  3.91424  4.63659  0.61958  0.77255  0.00000        *
      1   3.10173  4.48090  4.51363  4.00435  1.70127  4.22831  4.26149  1.82410  3.87232  1.68612  3.06203  4.17751  4.51809  4.03002  4.02404  3.57215  3.34048  2.20347  4.59878  3.14010      1 l - - -
          2.68618  4.42225  2.77519  2.73123  3.46354  2.40513  3.72494  3.29354  2.67741  2.69355  4.24690  2.90347  2.73739  3.18146  2.89801  2.37887  2.77519  2.98518  4.58477  3.61503
          0.03009  3.91424  4.63659  0.61958  0.77255  0.48576  0.95510
      2   2.96525  4.99874  3.17087  2.73661  4.38809  3.50836  3.69743  3.80515  1.09489  3.33400  4.25897  3.16001  3.97554  2.86739  2.27957  2.99110  3.19637  3.50056  5.40771  4.19985      2 k - - -
          2.68618  4.42225  2.77519  2.73123  3.46354  2.40513  3.72494  3.29354  2.67741  2.69355  4.24690  2.90347  2.73739  3.18146  2.89801  2.37887  2.77519  2.98518  4.58477  3.61503
          0.03009  3.91424  4.63659  0.61958  0.77255  0.48576  0.95510
      3   2.94117  5.06510  3.05029  2.62387  4.42434  3.50812  3.63309  3.84018  1.22891  3.33386  4.22917  3.07150  3.95298  2.58793  2.27133  2.94180  3.15322  3.52596  5.42849  4.19113      3 k - - -
          2.68618  4.42225  2.77519  2.73123  3.46354  2.40513  3.72494  3.29354  2.67741  2.69355  4.24690  2.90347  2.73739  3.18146  2.89801  2.37887  2.77519  2.98518  4.58477  3.61503
          0.03009  3.91424  4.63659  0.61958  0.77255  0.48576  0.95510
      4   2.91251  5.10149  2.43814  1.06548  4.49971  3.12105  3.83777  3.96058  2.72324  3.56702  4.48442  2.88644  3.87054  3.03745  3.15589  2.88473  3.21814  3.60566  5.66182  4.34587      4 e - - -
          2.68618  4.42225  2.77519  2.73123  3.46354  2.40513  3.72494  3.29354  2.67741  2.69355  4.24690  2.90347  2.73739  3.18146  2.89801  2.37887  2.77519  2.98518  4.58477  3.61503
          0.03009  3.91424  4.63659  0.61958  0.77255  0.48576  0.95510
      5   2.82983  5.05764  2.67635  2.22750  4.35199  3.37730  3.65371  3.79975  2.27252  3.32980  4.20174  2.90842  3.87076  1.61511  2.55912  2.81338  3.07102  3.46732  5.48669  4.16521      5 q - - -
          2.68618  4.42225  2.77519  2.73123  3.46354  2.40513  3.72494  3.29354  2.67741  2.69355  4.24690  2.90347  2.73739  3.18146  2.89801  2.37887  2.77519  2.98518  4.58477  3.61503
          0.03009  3.91424  4.63659  0.61958  0.77255  0.48576  0.95510
      6   1.78261  4.57725  2.89040  2.12251  4.00745  3.27021  3.76304  3.23767  2.60428  3.01953  3.89677  3.00300  3.79867  2.96141  3.01113  2.59336  2.84831  2.87768  5.33756  4.03442      6 a - - -
          2.68618  4.42225  2.77519  2.73123  3.46354  2.40513  3.72494  3.29354  2.67741  2.69355  4.24690  2.90347  2.73739  3.18146  2.89801  2.37887  2.77519  2.98518  4.58477  3.61503
          0.03009  3.91424  4.63659  0.61958  0.77255  0.48576  0.95510
      7   2.49306  4.25631  3.81321  3.25629  3.33093  3.70482  4.07009  2.31930  3.15216  1.98597  2.30003  3.58877  4.09614  3.45262  3.43914  2.99947  2.53945  2.12603  4.95273  3.75526      7 l - - -
          2.68618  4.42225  2.77519  2.73123  3.46354  2.40513  3.72494  3.29354  2.67741  2.69355  4.24690  2.90347  2.73739  3.18146  2.89801  2.37887  2.77519  2.98518  4.58477  3.61503
          0.03009  3.91424  4.63659  0.61958  0.77255  0.48576  0.95510
      8   2.63365  0.85952  4.16267  3.91169  3.89325  3.24795  4.54957  3.04391  3.73879  2.95760  4.08018  3.88752  3.95821  4.08316  3.85583  2.90541  3.10390  2.78572  5.30078  4.18069      8 c - - -
          2.68618  4.42225  2.77519  2.73123  3.46354  2.40513  3.72494  3.29354  2.67741  2.69355  4.24690  2.90347  2.73739  3.18146  2.89801  2.37887  2.77519  2.98518  4.58477  3.61503
          0.03009  3.91424  4.63659  0.61958  0.77255  0.48576  0.95510
      9   3.20198  4.65178  4.25657  3.89646  3.15146  4.03525  4.53908  2.35762  3.66380  0.82545  3.16109  4.16790  4.46333  4.02214  3.83310  3.61075  3.49427  2.40583  5.04607  3.77908      9 l - - -
          2.68618  4.42225  2.77519  2.73123  3.46354  2.40513  3.72494  3.29354  2.67741  2.69355  4.24690  2.90347  2.73739  3.18146  2.89801  2.37887  2.77519  2.98518  4.58477  3.61503
          0.03009  3.91424  4.63659  0.61958  0.77255  0.48576  0.95510
     10   2.86634  5.19207  2.36926  1.28638  4.48969  3.27549  3.71259  3.93277  2.42023  3.49425  4.37730  2.79041  3.84526  2.84381  2.93138  2.81327  3.13821  3.57980  5.66764  4.27962     10 e - - -
          2.68618  4.42225  2.77519  2.73123  3.46354  2.40513  3.72494  3.29354  2.67741  2.69355  4.24690  2.90347  2.73739  3.18146  2.89801  2.37887  2.77519  2.98518  4.58477  3.61503
          0.03009  3.91424  4.63659  0.61958  0.77255  0.48576  0.95510
     11   2.96067  5.02650  3.20925  2.72023  4.42434  3.53573  3.65008  3.82344  1.15357  3.32978  4.23200  3.14159  3.97400  2.80807  2.15222  2.97760  3.17305  3.51385  5.40544  4.20024     11 k - - -
          2.68618  4.42225  2.77519  2.73123  3.46354  2.40513  3.72494  3.29354  2.67741  2.69355  4.24690  2.90347  2.73739  3.18146  2.89801  2.37887  2.77519  2.98518  4.58477  3.61503
          0.03009  3.91424  4.63659  0.61958  0.77255  0.48576  0.95510
     12   3.04850  4.44292  4.50292  4.05438  3.36998  4.22574  4.76601  1.11327  3.87277  1.88829  3.25566  4.29461  4.59788  4.19583  4.07485  3.63708  3.33200  1.73806  5.32186  4.06671     12 i - - -
          2.68618  4.42225  2.77519  2.73123  3.46354  2.40513  3.72494  3.29354  2.67741  2.69355  4.24690  2.90347  2.73739  3.18146  2.89801  2.37887  2.77519  2.98518  4.58477  3.61503
          0.03009  3.91424  4.63659  0.61958  0.77255  0.48576  0.95510
     13   2.86052  4.99196  3.09093  2.60820  4.30246  3.49443  3.62151  3.75809  2.06918  3.25523  4.13807  3.06144  3.92322  1.70329  1.98242  2.87272  3.07705  3.44278  5.37246  4.11155     13 q - - -
          2.68618  4.42225  2.77519  2.73123  3.46354  2.40513  3.72494  3.29354  2.67741  2.69355  4.24690  2.90347  2.73739  3.18146  2.89801  2.37887  2.77519  2.98518  4.58477  3.61503
          0.03009  3.91424  4.63659  0.61958  0.77255  0.48576  0.95510
     14   2.89088  4.94126  3.30213  2.74361  4.35994  3.53172  3.62664  3.74610  1.90516  3.26899  4.14991  3.14639  3.95820  2.78394  1.35006  2.79938  3.10810  3.43108  5.36621  4.15752     14 r - - -
          2.68618  4.42225  2.77519  2.73123  3.46354  2.40513  3.72494  3.29354  2.67741  2.69355  4.24690  2.90347  2.73739  3.18146  2.89801  2.37887  2.77519  2.98518  4.58477  3.61503
          0.03009  3.91424  4.63659  0.61958  0.77255  0.48576  0.95510
     15   1.52821  4.30593  3.40078  2.96927  3.52537  3.32237  3.92495  2.85430  2.90396  2.64206  3.63468  3.30055  3.87507  3.25727  3.22903  2.69118  2.83146  2.53328  5.03135  3.18741     15 a - - -
          2.68618  4.42225  2.77519  2.73123  3.46354  2.40513  3.72494  3.29354  2.67741  2.69355  4.24690  2.90347  2.73739  3.18146  2.89801  2.37887  2.77519  2.98518  4.58477  3.61503
          0.03009  3.91424  4.63659  0.61958  0.77255  0.48576  0.95510
     16   2.42823  4.82953  2.67714  2.22314  4.12856  3.30932  3.65971  3.54211  2.47722  3.15815  3.99545  1.96952  3.79582  2.82867  2.91780  2.66133  2.78617  3.20960  5.39041  3.77262     16 n - - -
          2.68618  4.42225  2.77519  2.73123  3.46354  2.40513  3.72494  3.29354  2.67741  2.69355  4.24690  2.90347  2.73739  3.18146  2.89801  2.37887  2.77519  2.98518  4.58477  3.61503
          0.07454  3.91424  2.95894  0.61958  0.77255  0.48576  0.95510
     17   2.38325  5.17087  1.84515  1.83948  4.46630  3.22576  3.58569  3.93337  2.55054  3.47323  4.29374  2.70878  3.77011  2.80037  3.02039  2.68271  3.00759  3.54414  5.66137  4.23006     17 e - - -
          2.68618  4.42225  2.77519  2.73123  3.46354  2.40513  3.72494  3.29354  2.67741  2.69355  4.24690  2.90347  2.73739  3.18146  2.89801  2.37887  2.77519  2.98518  4.58477  3.61503
          0.03144  3.87115  4.59349  0.61958  0.77255  0.46190  0.99448
     18   3.13549  4.55842  4.44257  3.90008  3.08129  4.27891  4.55974  2.00515  3.68964  1.01604  2.87238  4.20469  4.54385  3.86830  3.88645  3.62091  3.37098  2.19946  5.06839  3.89405     18 l - - -
          2.68618  4.42225  2.77520  2.73123  3.46354  2.40513  3.72494  3.29354  2.67741  2.69355  4.24679  2.90347  2.73740  3.18146  2.89801  2.37887  2.77520  2.98518  4.58477  3.61503
          0.04163  3.47112  4.63659  0.57672  0.82494  0.48576  0.95510
     19   2.58950  4.41010  3.24832  2.57569  3.54615  3.49156  3.74219  2.86689  2.63519  2.34812  2.47161  2.79918  3.89115  3.01435  2.99139  2.75031  2.82586  2.64256  4.97306  3.71173     20 l - - -
          2.68618  4.42225  2.77519  2.73123  3.46354  2.40513  3.72494  3.29354  2.67741  2.69355  4.24690  2.90347  2.73739  3.18146  2.89801  2.37887  2.77519  2.98518  4.58477  3.61503
          0.03009  3.91424  4.63659  0.61958  0.77255  0.48576  0.95510
     20   2.45855  4.46882  2.94121  2.59623  3.92631  2.07385  3.76157  3.31757  2.63293  2.98128  3.33277  3.03416  3.03508  2.97051  3.04374  2.52148  2.77731  2.98096  5.26193  3.97205     21 g - - -
          2.68618  4.42225  2.77519  2.73123  3.46354  2.40513  3.72494  3.29354  2.67741  2.69355  4.24690  2.90347  2.73739  3.18146  2.89801  2.37887  2.77519  2.98518  4.58477  3.61503
          0.03009  3.91424  4.63659  0.61958  0.77255  0.48576  0.95510
     21   2.89462  4.37447  4.29565  3.75376  2.29737  4.01649  3.97287  2.47931  3.60805  1.30551  3.08273  3.92102  4.32727  3.78421  3.76883  3.32559  3.17538  2.46982  3.43361  2.87413     22 l - - -
          2.68618  4.42225  2.77519  2.73123  3.46354  2.40513  3.72494  3.29354  2.67741  2.69355  4.24690  2.90347  2.73739  3.18146  2.89801  2.37887  2.77519  2.98518  4.58477  3.61503
          0.03009  3.91424  4.63659  0.61958  0.77255  0.48576  0.95510
     22   2.75788  4.75607  2.73119  2.62079  4.12611  3.21183  3.95444  3.84532  2.86154  3.48741  4.44229  1.08620  3.86567  3.22714  3.21772  2.82339  3.14104  3.46331  5.42722  4.07134     23 n - - -
          2.68618  4.42225  2.77519  2.73123  3.46354  2.40513  3.72494  3.29354  2.67741  2.69355  4.24690  2.90347  2.73739  3.18146  2.89801  2.37887  2.77519  2.98518  4.58477  3.61503
          0.03009  3.91424  4.63659  0.61958  0.77255  0.48576  0.95510
     23   2.69966  5.34913  1.32892  1.95306  4.66484  3.18519  3.73149  4.14360  2.73781  3.69087  4.54681  2.61694  3.80330  2.90229  3.31395  2.77308  3.15959  3.73723  5.87372  4.38994     24 d - - -
          2.68618  4.42225  2.77519  2.73123  3.46354  2.40513  3.72494  3.29354  2.67741  2.69355  4.24690  2.90347  2.73739  3.18146  2.89801  2.37887  2.77519  2.98518  4.58477  3.61503
          0.03009  3.91424  4.63659  0.61958  0.77255  0.48576  0.95510
     24   2.23916  4.18241  3.26940  3.02009  4.18399  2.94342  4.12483  3.54945  3.05932  3.29495  4.17086  3.22726  3.67907  3.39742  3.36408  1.23040  2.40780  3.06941  5.54990  4.29651     25 s - - -
          2.68618  4.42225  2.77519  2.73123  3.46354  2.40513  3.72494  3.29354  2.67741  2.69355  4.24690  2.90347  2.73739  3.18146  2.89801  2.37887  2.77519  2.98518  4.58477  3.61503
          0.03009  3.91424  4.63659  0.61958  0.77255  0.48576  0.95510
     25   2.44280  4.45680  3.11062  2.65734  3.32892  3.31699  3.75052  3.16382  2.63501  2.80021  3.72147  3.08938  3.81190  2.75767  3.02060  1.79176  2.80465  2.87544  5.10548  3.78536     26 s - - -
          2.68618  4.42225  2.77519  2.73123  3.46354  2.40513  3.72494  3.29354  2.67741  2.69355  4.24690  2.90347  2.73739  3.18146  2.89801  2.37887  2.77519  2.98518  4.58477  3.61503
          0.03009  3.91424  4.63659  0.61958  0.77255  0.48576  0.95510
     26   2.58696  4.57089  3.02212  2.63239  3.79635  3.32210  3.48316  3.34376  2.51517  2.80694  3.86520  3.06843  1.91984  2.97091  2.80365  2.65229  2.88421  3.03909  5.15883  3.81349     27 p - - -
          2.68618  4.42225  2.77519  2.73123  3.46354  2.40513  3.72494  3.29354  2.67741  2.69355  4.24690  2.90347  2.73739  3.18146  2.89801  2.37887  2.77519  2.98518  4.58477  3.61503
          0.03009  3.91424  4.63659  0.61958  0.77255  0.48576  0.95510
     27   2.71687  4.48838  3.39922  3.30382  4.44575  0.66747  4.42172  4.05536  3.49079  3.70430  4.68024  3.56346  3.88086  3.81162  3.72243  2.88995  3.20135  3.57560  5.53005  4.54900     28 G - - -
          2.68618  4.42225  2.77519  2.73123  3.46354  2.40513  3.72494  3.29354  2.67741  2.69355  4.24690  2.90347  2.73739  3.18146  2.89801  2.37887  2.77519  2.98518  4.58477  3.61503
          0.03009  3.91424  4.63659  0.61958  0.77255  0.48576  0.95510
     28   2.63365  0.85952  4.16267  3.91169  3.89325  3.24795  4.54957  3.04391  3.73879  2.95760  4.08018  3.88752  3.95821  4.08316  3.85583  2.90541  3.10390  2.78572  5.30078  4.18069     29 c - - -
          2.68618  4.42225  2.77519  2.73123  3.46354  2.40513  3.72494  3.29354  2.67741  2.69355  4.24690  2.90347  2.73739  3.18146  2.89801  2.37887  2.77519  2.98518  4.58477  3.61503
          0.03009  3.91424  4.63659  0.61958  0.77255  0.48576  0.95510
     29   2.80676  4.55737  3.41840  3.26331  4.25524  3.24250  4.33749  3.81119  3.32415  3.43358  4.48509  3.56590  0.75351  3.71166  3.56511  2.97551  3.25157  3.45183  5.43053  4.37641     30 p - - -
          2.68618  4.42225  2.77519  2.73123  3.46354  2.40513  3.72494  3.29354  2.67741  2.69355  4.24690  2.90347  2.73739  3.18146  2.89801  2.37887  2.77519  2.98518  4.58477  3.61503
          0.03009  3.91424  4.63659  0.61958  0.77255  0.48576  0.95510
     30   2.71687  4.48838  3.39922  3.30382  4.44575  0.66747  4.42172  4.05536  3.49079  3.70430  4.68024  3.56346  3.88086  3.81162  3.72243  2.88995  3.20135  3.57560  5.53005  4.54900     31 G - - -
          2.68618  4.42225  2.77519  2.73123  3.46354  2.40513  3.72494  3.29354  2.67741  2.69355  4.24690  2.90347  2.73739  3.18146  2.89801  2.37887  2.77519  2.98518  4.58477  3.61503
          0.03009  3.91424  4.63659  0.61958  0.77255  0.48576  0.95510
     31   3.00201  4.54419  4.09418  3.69072  3.22597  3.86521  4.41619  2.40573  3.45654  1.81430  1.30015  3.96308  4.32598  3.83563  3.65697  3.35551  3.30810  2.41670  5.07240  3.83788     32 m - - -
          2.68618  4.42225  2.77519  2.73123  3.46354  2.40513  3.72494  3.29354  2.67741  2.69355  4.24690  2.90347  2.73739  3.18146  2.89801  2.37887  2.77519  2.98518  4.58477  3.61503
          0.03009  3.91424  4.63659  0.61958  0.77255  0.48576  0.95510
     32   3.40500  4.76485  4.15505  3.87133  2.70904  3.77694  3.95119  3.43019  3.59256  2.81795  4.06208  4.01191  4.29812  3.97801  3.71362  3.60832  3.70747  3.32169  0.80511  2.70893     33 w - - -
          2.68618  4.42225  2.77519  2.73123  3.46354  2.40513  3.72494  3.29354  2.67741  2.69355  4.24690  2.90347  2.73739  3.18146  2.89801  2.37887  2.77519  2.98518  4.58477  3.61503
          0.03009  3.91424  4.63659  0.61958  0.77255  0.48576  0.95510
     33   3.03431  5.16930  0.85996  2.36087  4.55187  3.24216  3.96763  4.14952  3.05961  3.75035  4.72922  2.91939  3.89789  3.20674  3.58162  2.99185  3.37372  3.78420  5.71238  4.41769     34 d - - -
          2.68618  4.42225  2.77519  2.73123  3.46354  2.40513  3.72494  3.29354  2.67741  2.69355  4.24690  2.90347  2.73739  3.18146  2.89801  2.37887  2.77519  2.98518  4.58477  3.61503
          0.03009  3.91424  4.63659  0.61958  0.77255  0.48576  0.95510
     34   2.75788  4.75607  2.73119  2.62079  4.12611  3.21183  3.95444  3.84532  2.86154  3.48741  4.44229  1.08620  3.86567  3.22714  3.21772  2.82339  3.14104  3.46331  5.42722  4.07134     35 n - - -
          2.68618  4.42225  2.77519  2.73123  3.46354  2.40513  3.72494  3.29354  2.67741  2.69355  4.24690  2.90347  2.73739  3.18146  2.89801  2.37887  2.77519  2.98518  4.58477  3.61503
          0.03009  3.91424  4.63659  0.61958  0.77255  0.48576  0.95510
     35   3.08603  4.46534  4.51681  4.05985  3.32926  4.26885  4.74908  1.12285  3.86624  1.80603  3.22670  4.31179  4.61612  4.18936  4.06398  3.68256  3.35867  1.78782  5.28143  4.02318     36 i - - -
          2.68618  4.42225  2.77519  2.73123  3.46354  2.40513  3.72494  3.29354  2.67741  2.69355  4.24690  2.90347  2.73739  3.18146  2.89801  2.37887  2.77519  2.98518  4.58477  3.61503
          0.03009  3.91424  4.63659  0.61958  0.77255  0.48576  0.95510
     36   2.43502  4.28022  3.46497  3.21874  4.00556  3.11817  4.23290  3.13777  3.16254  2.99979  4.04751  3.42153  3.82515  3.55524  3.41931  2.63674  1.10305  2.82829  5.43969  4.22215     37 t - - -
          2.68618  4.42225  2.77519  2.73123  3.46354  2.40513  3.72494  3.29354  2.67741  2.69355  4.24690  2.90347  2.73739  3.18146  2.89801  2.37887  2.77519  2.98518  4.58477  3.61503
          0.03009  3.91424  4.63659  0.61958  0.77255  0.48576  0.95510
     37   2.63365  0.85952  4.16267  3.91169  3.89325  3.24795  4.54957  3.04391  3.73879  2.95760  4.08018  3.88752  3.95821  4.08316  3.85583  2.90541  3.10390  2.78572  5.30078  4.18069     38 c - - -
          2.68618  4.42225  2.77519  2.73123  3.46354  2.40513  3.72494  3.29354  2.67741  2.69355  4.24690  2.90347  2.73739  3.18146  2.89801  2.37887  2.77519  2.98518  4.58477  3.61503
          0.03009  3.91424  4.63659  0.61958  0.77255  0.48576  0.95510
     38   3.40500  4.76485  4.15505  3.87133  2.70904  3.77694  3.95119  3.43019  3.59256  2.81795  4.06208  4.01191  4.29812  3.97801  3.71362  3.60832  3.70747  3.32169  0.80511  2.70893     39 w - - -
          2.68618  4.42225  2.77519  2.73123  3.46354  2.40513  3.72494  3.29354  2.67741  2.69355  4.24690  2.90347  2.73739  3.18146  2.89801  2.37887  2.77519  2.98518  4.58477  3.61503
          0.03009  3.91424  4.63659  0.61958  0.77255  0.48576  0.95510
     39   2.79924  4.82144  3.24506  2.69940  4.04538  3.52449  3.67016  3.34994  1.39622  2.95926  3.33848  3.13596  3.93968  2.84407  2.43295  2.86397  3.02561  3.10457  5.27626  4.01373     40 k - - -
          2.68618  4.42225  2.77519  2.73123  3.46354  2.40513  3.72494  3.29354  2.67741  2.69355  4.24690  2.90347  2.73739  3.18146  2.89801  2.37887  2.77519  2.98518  4.58477  3.61503
          0.03009  3.91424  4.63659  0.61958  0.77255  0.48576  0.95510
     40   2.80676  4.55737  3.41840  3.26331  4.25524  3.24250  4.33749  3.81119  3.32415  3.43358  4.48509  3.56590  0.75351  3.71166  3.56511  2.97551  3.25157  3.45183  5.43053  4.37641     41 p - - -
          2.68618  4.42225  2.77519  2.73123  3.46354  2.40513  3.72494  3.29354  2.67741  2.69355  4.24690  2.90347  2.73739  3.18146  2.89801  2.37887  2.77519  2.98518  4.58477  3.61503
          0.03009  3.91424  4.63659  0.61958  0.77255  0.48576  0.95510
     41   0.95521  4.21276  3.50485  3.29789  4.09382  3.03622  4.31502  3.22557  3.31522  3.10527  4.13239  3.43700  3.77937  3.65252  3.56297  2.56263  2.84287  2.87275  5.51680  4.32165     42 a - - -
          2.68618  4.42225  2.77519  2.73123  3.46354  2.40513  3.72494  3.29354  2.67741  2.69355  4.24690  2.90347  2.73739  3.18146  2.89801  2.37887  2.77519  2.98518  4.58477  3.61503
          0.03009  3.91424  4.63659  0.61958  0.77255  0.48576  0.95510
     42   2.67781  4.93296  2.86954  2.27596  4.21802  3.40034  2.59115  3.64572  2.23722  3.19673  4.01243  2.89125  3.81534  2.57364  2.37576  2.41517  2.90238  3.30356  5.37418  4.05002     43 k - - -
          2.68618  4.42225  2.77519  2.73123  3.46354  2.40513  3.72494  3.29354  2.67741  2.69355  4.24690  2.90347  2.73739  3.18146  2.89801  2.37887  2.77519  2.98518  4.58477  3.61503
          0.03009  3.91424  4.63659  0.61958  0.77255  0.48576  0.95510
     43   2.92189  4.36944  4.39854  3.94965  3.50406  4.05044  4.71842  1.78432  3.79980  2.09447  3.38523  4.17182  4.49159  4.12941  4.02586  3.46024  3.22960  1.06125  5.38841  4.12972     44 v - - -
          2.68618  4.42225  2.77519  2.73123  3.46354  2.40513  3.72494  3.29354  2.67741  2.69355  4.24690  2.90347  2.73739  3.18146  2.89801  2.37887  2.77519  2.98518  4.58477  3.61503
          0.03009  3.91424  4.63659  0.61958  0.77255  0.48576  0.95510
     44   2.71687  4.48838  3.39922  3.30382  4.44575  0.66747  4.42172  4.05536  3.49079  3.70430  4.68024  3.56346  3.88086  3.81162  3.72243  2.88995  3.20135  3.57560  5.53005  4.54900     45 G - - -
          2.68618  4.42225  2.77519  2.73123  3.46354  2.40513  3.72494  3.29354  2.67741  2.69355  4.24690  2.90347  2.73739  3.18146  2.89801  2.37887  2.77519  2.98518  4.58477  3.61503
          0.03009  3.91424  4.63659  0.61958  0.77255  0.48576  0.95510
     45   2.86447  5.18027  2.42288  1.32886  4.49675  3.29584  3.70290  3.92362  2.26513  3.48514  4.35848  2.81241  3.84942  2.86928  2.86959  2.81515  3.12829  3.57037  5.64514  4.27836     46 e - - -
          2.68618  4.42225  2.77519  2.73123  3.46354  2.40513  3.72494  3.29354  2.67741  2.69355  4.24690  2.90347  2.73739  3.18146  2.89801  2.37887  2.77519  2.98518  4.58477  3.61503
          0.03009  3.91424  4.63659  0.61958  0.77255  0.48576  0.95510
     46   3.02519  4.41145  4.50809  3.95188  3.20844  4.24665  4.61131  1.70596  3.82749  1.67574  2.00991  4.22334  4.52429  4.04000  4.02148  3.57680  3.26363  1.78021  5.13964  4.00739     47 l - - -
          2.68618  4.42225  2.77519  2.73123  3.46354  2.40513  3.72494  3.29354  2.67741  2.69355  4.24690  2.90347  2.73739  3.18146  2.89801  2.37887  2.77519  2.98518  4.58477  3.61503
          0.03009  3.91424  4.63659  0.61958  0.77255  0.48576  0.95510
     47   2.86328  4.36067  4.29115  3.88681  3.51857  3.90889  4.66479  1.89736  3.73159  2.15158  3.43689  4.08642  4.40889  4.07999  3.95315  3.34479  3.19685  1.04448  5.37211  4.09278     48 v - - -
          2.68618  4.42225  2.77519  2.73123  3.46354  2.40513  3.72494  3.29354  2.67741  2.69355  4.24690  2.90347  2.73739  3.18146  2.89801  2.37887  2.77519  2.98518  4.58477  3.61503
          0.03009  3.91424  4.63659  0.61958  0.77255  0.48576  0.95510
     48   2.64578  4.23923  3.70966  3.05451  2.69981  3.65901  3.91708  2.48808  3.07082  1.67216  3.24611  3.50175  4.04188  3.36966  3.34983  2.73185  2.88722  2.35717  4.73073  3.43064     49 l - - -
          2.68618  4.42225  2.77519  2.73123  3.46354  2.40513  3.72494  3.29354  2.67741  2.69355  4.24690  2.90347  2.73739  3.18146  2.89801  2.37887  2.77519  2.98518  4.58477  3.61503
          0.03009  3.91424  4.63659  0.61958  0.77255  0.48576  0.95510
     49   2.95611  4.37284  4.46464  3.99576  3.50107  4.13498  4.75914  1.70592  3.85540  2.06743  3.36092  4.22850  4.54093  4.17028  4.08167  3.53269  3.24987  1.07575  5.40282  4.15923     50 v - - -
          2.68618  4.42225  2.77519  2.73123  3.46354  2.40513  3.72494  3.29354  2.67741  2.69355  4.24690  2.90347  2.73739  3.18146  2.89801  2.37887  2.77519  2.98518  4.58477  3.61503
          0.03009  3.91424  4.63659  0.61958  0.77255  0.48576  0.95510
     50   2.61959  4.73829  2.96940  2.51620  4.14769  3.34476  3.65707  3.55057  2.09246  3.14239  3.97822  2.95202  3.81542  2.82173  2.47867  1.87057  2.79144  3.20812  5.34825  4.05895     51 s - - -
          2.68618  4.42225  2.77519  2.73123  3.46354  2.40513  3.72494  3.29354  2.67741  2.69355  4.24690  2.90347  2.73739  3.18146  2.89801  2.37887  2.77519  2.98518  4.58477  3.61503
          0.03009  3.91424  4.63659  0.61958  0.77255  0.48576  0.95510
     51   2.63365  0.85952  4.16267  3.91169  3.89325  3.24795  4.54957  3.04391  3.73879  2.95760  4.08018  3.88752  3.95821  4.08316  3.85583  2.90541  3.10390  2.78572  5.30078  4.18069     52 c - - -
          2.68618  4.42225  2.77519  2.73123  3.46354  2.40513  3.72494  3.29354  2.67741  2.69355  4.24690  2.90347  2.73739  3.18146  2.89801  2.37887  2.77519  2.98518  4.58477  3.61503
          0.03009  3.91424  4.63659  0.61958  0.77255  0.48576  0.95510
     52   2.80676  4.55737  3.41840  3.26331  4.25524  3.24250  4.33749  3.81119  3.32415  3.43358  4.48509  3.56590  0.75351  3.71166  3.56511  2.97551  3.25157  3.45183  5.43053  4.37641     53 p - - -
          2.68616  4.42225  2.77519  2.73123  3.46354  2.40513  3.72494  3.29354  2.67741  2.69355  4.24690  2.90347  2.73740  3.18146  2.89801  2.37887  2.77519  2.98518  4.58477  3.61503
          0.03955  3.53729  4.63659  0.58393  0.81577  0.48576  0.95510
     53   2.24192  5.05597  2.37997  1.67628  4.36357  3.27407  3.65477  3.79152  2.37852  3.36446  4.18945  2.78022  3.79120  2.80833  2.98225  2.68599  2.97684  3.42648  5.56960  4.17878     55 e - - -
          2.68618  4.42225  2.77519  2.73123  3.46354  2.40513  3.72494  3.29354  2.67741  2.69355  4.24690  2.90347  2.73739  3.18146  2.89801  2.37887  2.77519  2.98518  4.58477  3.61503
          0.03009  3.91424  4.63659  0.61958  0.77255  0.48576  0.95510
     54   3.16731  4.56167  4.54849  4.01380  2.75443  4.33162  4.56855  2.11879  3.87765  1.00559  2.92695  4.28647  4.58515  4.06028  4.05818  3.67525  3.40421  2.09442  4.97171  3.72009     56 l - - -
          2.68618  4.42225  2.77519  2.73123  3.46354  2.40513  3.72494  3.29354  2.67741  2.69355  4.24690  2.90347  2.73739  3.18146  2.89801  2.37887  2.77519  2.98518  4.58477  3.61503
          0.03009  3.91424  4.63659  0.61958  0.77255  0.48576  0.95510
     55   3.31137  4.70084  4.29598  4.01829  0.94578  3.99161  3.89559  2.82978  3.92424  2.19015  3.55368  4.06619  4.44917  4.08068  4.03365  3.57924  3.61248  2.82356  4.13207  2.49376     57 f - - -
          2.68618  4.42225  2.77519  2.73123  3.46354  2.40513  3.72494  3.29354  2.67741  2.69355  4.24690  2.90347  2.73739  3.18146  2.89801  2.37887  2.77519  2.98518  4.58477  3.61503
          0.03009  3.91424  4.63659  0.61958  0.77255  0.48576  0.95510
     56   2.81307  4.92050  3.15816  2.63423  4.30105  3.48372  3.61643  3.71453  2.05465  3.23966  4.10014  3.07319  3.91116  2.49248  1.54545  2.60209  3.03699  3.38892  5.36241  4.11752     58 r - - -
          2.68618  4.42225  2.77519  2.73123  3.46354  2.40513  3.72494  3.29354  2.67741  2.69355  4.24690  2.90347  2.73739  3.18146  2.89801  2.37887  2.77519  2.98518  4.58477  3.61503
          0.03009  3.91424  4.63659  0.61958  0.77255  0.48576  0.95510
     57   3.05605  4.41999  4.58661  4.03312  2.57696  4.28049  4.56210  1.40674  3.91372  1.63804  2.69960  4.26875  4.54157  4.08224  4.07553  3.61197  3.28883  2.01082  4.99693  3.78262     59 i - - -
          2.68618  4.42225  2.77519  2.73123  3.46354  2.40513  3.72494  3.29354  2.67741  2.69355  4.24690  2.90347  2.73739  3.18146  2.89801  2.37887  2.77519  2.98518  4.58477  3.61503
          0.03009  3.91424  4.63659  0.61958  0.77255  0.48576  0.95510
     58   3.12092  4.49339  4.54400  4.01717  1.72213  4.26483  4.29603  1.94344  3.88568  1.53422  3.00966  4.20386  4.53163  4.03228  4.03496  3.59927  3.35186  2.23412  4.63118  3.20121     60 l - - -
          2.68618  4.42225  2.77519  2.73123  3.46354  2.40513  3.72494  3.29354  2.67741  2.69355  4.24690  2.90347  2.73739  3.18146  2.89801  2.37887  2.77519  2.98518  4.58477  3.61503
          0.03009  3.91424  4.63659  0.61958  0.77255  0.48576  0.95510
     59   2.59193  4.72594  2.61193  2.39800  4.02550  3.00528  3.67730  2.89497  2.53334  3.07522  3.91841  2.03223  3.78963  2.85784  2.98490  2.63849  2.86168  3.10271  5.32692  3.98777     61 n - - -
          2.68618  4.42225  2.77519  2.73123  3.46354  2.40513  3.72494  3.29354  2.67741  2.69355  4.24690  2.90347  2.73739  3.18146  2.89801  2.37887  2.77519  2.98518  4.58477  3.61503
          0.03009  3.91424  4.63659  0.61958  0.77255  0.48576  0.95510
     60   2.31903  4.28870  3.10553  2.85496  4.17850  3.00228  4.02660  3.63202  2.93857  3.30548  4.16711  3.15288  1.70937  3.27793  3.27771  1.90927  2.76590  3.15921  5.51074  4.24068     62 p - - -
          2.68618  4.42225  2.77519  2.73123  3.46354  2.40513  3.72494  3.29354  2.67741  2.69355  4.24690  2.90347  2.73739  3.18146  2.89801  2.37887  2.77519  2.98518  4.58477  3.61503
          0.03009  3.91424  4.63659  0.61958  0.77255  0.48576  0.95510
     61   2.92189  5.45447  1.35302  1.70013  4.74043  3.18657  3.74413  4.24897  2.76993  3.77156  4.63830  2.65958  3.81400  2.91672  3.36073  2.80907  3.21434  3.83543  5.92630  4.43358     63 d - - -
          2.68618  4.42225  2.77519  2.73123  3.46354  2.40513  3.72494  3.29354  2.67741  2.69355  4.24690  2.90347  2.73739  3.18146  2.89801  2.37887  2.77519  2.98518  4.58477  3.61503
          0.03009  3.91424  4.63659  0.61958  0.77255  0.48576  0.95510
     62   2.72112  5.10278  2.11191  2.23607  4.40265  3.29185  3.62957  3.87376  2.42216  3.40216  4.21620  2.78631  3.68914  1.91771  2.75085  2.68132  2.97303  3.49222  5.56900  4.17438     64 q - - -
          2.68618  4.42225  2.77519  2.73123  3.46354  2.40513  3.72494  3.29354  2.67741  2.69355  4.24690  2.90347  2.73739  3.18146  2.89801  2.37887  2.77519  2.98518  4.58477  3.61503
          0.03009  3.91424  4.63659  0.61958  0.77255  0.48576  0.95510
     63   2.41660  4.34550  3.19044  2.58153  3.70938  2.78990  3.87099  2.85739  2.80937  2.72683  3.64460  3.19308  3.85665  3.14795  3.16718  2.69284  2.81900  1.80775  5.13794  3.88593     65 v - - -
          2.68618  4.42225  2.77519  2.73123  3.46354  2.40513  3.72494  3.29354  2.67741  2.69355  4.24690  2.90347  2.73739  3.18146  2.89801  2.37887  2.77519  2.98518  4.58477  3.61503
          0.03009  3.91424  4.63659  0.61958  0.77255  0.48576  0.95510
     64   2.95816  4.48236  4.03874  3.53466  2.61313  3.86487  3.81955  2.72626  3.24882  2.15135  2.90713  3.73981  4.25225  3.60401  3.45049  3.22874  3.20944  2.65678  1.68521  2.71752     66 w - - -
          2.68618  4.42225  2.77519  2.73123  3.46354  2.40513  3.72494  3.29354  2.67741  2.69355  4.24690  2.90347  2.73739  3.18146  2.89801  2.37887  2.77519  2.98518  4.58477  3.61503
          0.03009  3.91424  4.63659  0.61958  0.77255  0.48576  0.95510
     65   2.64717  4.99087  2.42850  1.63251  4.26222  3.31136  3.62430  3.67581  2.40177  3.26190  3.61966  2.81255  3.78610  2.77133  2.91321  2.65558  2.91900  3.32630  5.47896  4.10060     67 e - - -
          2.68618  4.42225  2.77519  2.73123  3.46354  2.40513  3.72494  3.29354  2.67741  2.69355  4.24690  2.90347  2.73739  3.18146  2.89801  2.37887  2.77519  2.98518  4.58477  3.61503
          0.03009  3.91424  4.63659  0.61958  0.77255  0.48576  0.95510
     66   2.56807  4.24701  3.66062  3.11868  3.06817  3.56937  3.98430  2.44469  3.04173  2.27400  3.33550  3.46111  3.95902  3.34788  3.35713  2.85288  1.99726  2.05995  4.95395  3.71238     68 t - - -
          2.68618  4.42225  2.77519  2.73123  3.46354  2.40513  3.72494  3.29354  2.67741  2.69355  4.24690  2.90347  2.73739  3.18146  2.89801  2.37887  2.77519  2.98518  4.58477  3.61503
          0.03009  3.91424  4.63659  0.61958  0.77255  0.48576  0.95510
     67   2.67470  5.06987  2.18035  1.64772  4.37534  3.05696  3.64827  3.81089  2.51936  3.38137  4.19799  2.76417  3.77886  2.79711  3.02881  2.66411  2.96065  3.07466  5.58404  4.17760     69 e - - -
          2.68618  4.42225  2.77519  2.73123  3.46354  2.40513  3.72494  3.29354  2.67741  2.69355  4.24690  2.90347  2.73739  3.18146  2.89801  2.37887  2.77519  2.98518  4.58477  3.61503
          0.03009  3.91424  4.63659  0.61958  0.77255  0.48576  0.95510
     68   2.47861  4.70229  2.48364  2.39518  4.17645  3.21472  3.72816  3.58156  2.60276  3.21352  4.04662  2.42817  3.76270  2.90609  3.06088  2.56741  1.94691  3.21174  5.45414  4.11367     70 t - - -
          2.68618  4.42225  2.77519  2.73123  3.46354  2.40513  3.72494  3.29354  2.67741  2.69355  4.24690  2.90347  2.73739  3.18146  2.89801  2.37887  2.77519  2.98518  4.58477  3.61503
          0.03009  3.91424  4.63659  0.61958  0.77255  0.48576  0.95510
     69   2.71380  4.26225  3.87847  3.31285  3.22591  3.77760  4.07188  1.71742  3.14187  1.91474  3.22612  3.63737  4.14044  3.47918  3.06840  3.05524  2.85265  2.15008  4.91118  3.69457     71 i - - -
          2.68618  4.42225  2.77519  2.73123  3.46354  2.40513  3.72494  3.29354  2.67741  2.69355  4.24690  2.90347  2.73739  3.18146  2.89801  2.37887  2.77519  2.98518  4.58477  3.61503
          0.03009  3.91424  4.63659  0.61958  0.77255  0.48576  0.95510
     70   2.33132  4.31978  2.84483  2.76772  4.30821  1.36055  4.05937  3.77871  3.03777  3.45151  4.29769  3.09472  3.69391  3.31281  3.40176  2.21419  2.79458  3.25822  5.62525  4.34914     72 g - - -
          2.68618  4.42225  2.77519  2.73123  3.46354  2.40513  3.72494  3.29354  2.67741  2.69355  4.24690  2.90347  2.73739  3.18146  2.89801  2.37887  2.77519  2.98518  4.58477  3.61503
          0.21520  3.91424  1.75063  0.61958  0.77255  0.48576  0.95510
     71   2.63044  4.90762  2.39706  2.14175  4.16572  3.28384  3.57016  3.59779  2.33149  2.89897  3.99456  2.70276  3.74760  2.41829  2.76496  2.62244  2.87074  3.25668  5.38147  4.02317     73 e - - -
          2.68618  4.42225  2.77519  2.73123  3.46354  2.40513  3.72494  3.29354  2.67741  2.69355  4.24690  2.90347  2.73739  3.18146  2.89801  2.37887  2.77519  2.98518  4.58477  3.61503
          0.03610  3.73515  4.45750  0.61958  0.77255  0.40469  1.10017
     72   2.53588  4.68509  2.90221  2.07070  3.68337  3.12274  3.61999  3.32746  2.44342  2.78857  3.78729  2.92174  3.78529  2.79061  2.86192  2.49268  2.58277  3.02051  5.22182  3.90236     74 e - - -
          2.68618  4.42225  2.77519  2.73123  3.46354  2.40513  3.72494  3.29354  2.67741  2.69355  4.24690  2.90347  2.73739  3.18146  2.89801  2.37887  2.77519  2.98518  4.58477  3.61503
          0.14752  3.91424  2.14389  0.61958  0.77255  0.48576  0.95510
     73   2.64823  4.30996  3.48072  2.99281  2.33726  3.59905  2.97867  2.81928  2.91203  2.42518  3.42281  3.33468  3.97441  3.20565  3.22735  2.60406  2.87998  2.60818  3.61838  2.81768     75 f - - -
          2.68618  4.42225  2.77519  2.73123  3.46354  2.40513  3.72494  3.29354  2.67741  2.69355  4.24690  2.90347  2.73739  3.18146  2.89801  2.37887  2.77519  2.98518  4.58477  3.61503
          0.03378  3.80051  4.52285  0.61958  0.77255  0.42932  1.05255
     74   2.15448  4.85190  1.95177  2.27579  4.36521  2.44228  3.72854  3.80488  2.64242  3.39403  4.21587  2.76644  3.75605  2.89531  3.14544  2.61643  2.87291  3.39594  5.60714  4.22473     76 d - - -
          2.68618  4.42225  2.77519  2.73123  3.46354  2.40513  3.72494  3.29354  2.67741  2.69355  4.24690  2.90347  2.73739  3.18146  2.89801  2.37887  2.77519  2.98518  4.58477  3.61503
          0.03009  3.91424  4.63659  0.61958  0.77255  0.48576  0.95510
     75   2.51417  4.24759  3.45492  3.00313  2.00233  2.81386  3.84468  2.85157  2.97208  2.51837  3.49690  3.32702  3.34691  3.27261  3.28558  2.72000  2.81817  2.61566  4.76352  3.39122     77 f - - -
          2.68618  4.42225  2.77519  2.73123  3.46354  2.40513  3.72494  3.29354  2.67741  2.69355  4.24690  2.90347  2.73739  3.18146  2.89801  2.37887  2.77519  2.98518  4.58477  3.61503
          0.03009  3.91424  4.63659  0.61958  0.77255  0.48576  0.95510
     76   2.27014  4.90933  2.40715  2.11382  4.21748  2.94924  3.60621  3.60589  2.40796  3.22492  4.02547  2.82719  3.36126  2.74651  2.91251  2.57673  2.79756  3.25690  5.43431  4.06179     78 e - - -
          2.68618  4.42225  2.77519  2.73123  3.46354  2.40513  3.72494  3.29354  2.67741  2.69355  4.24690  2.90347  2.73739  3.18146  2.89801  2.37887  2.77519  2.98518  4.58477  3.61503
          0.03009  3.91424  4.63659  0.61958  0.77255  0.48576  0.95510
     77   2.71620  5.08052  1.77052  2.14038  4.27086  3.28001  3.56714  3.79783  2.51874  3.35218  4.17333  2.54185  3.78710  2.79611  3.02675  2.67847  2.96910  3.43380  5.51478  3.23473     79 d - - -
          2.68618  4.42225  2.77519  2.73123  3.46354  2.40513  3.72494  3.29354  2.67741  2.69355  4.24690  2.90347  2.73739  3.18146  2.89801  2.37887  2.77519  2.98518  4.58477  3.61503
          0.03009  3.91424  4.63659  0.61958  0.77255  0.48576  0.95510
     78   2.56634  4.68102  2.56917  2.42016  3.95301  3.34237  3.65097  3.27765  2.48568  2.70027  3.82979  2.93780  3.78880  2.80220  2.91386  2.02767  2.76470  3.03576  5.25697  3.93365     80 s - - -
          2.68618  4.42225  2.77519  2.73123  3.46354  2.40513  3.72494  3.29354  2.67741  2.69355  4.24690  2.90347  2.73739  3.18146  2.89801  2.37887  2.77519  2.98518  4.58477  3.61503
          0.07454  3.91424  2.95894  0.61958  0.77255  0.48576  0.95510
     79   2.61786  4.70174  2.89963  2.47569  3.97654  3.35986  3.64571  3.37830  2.28345  2.62925  3.86526  2.14431  3.81289  2.82860  2.71987  2.58510  2.82005  3.07298  5.25150  3.94426     81 n - - -
          2.68618  4.42225  2.77519  2.73123  3.46354  2.40513  3.72494  3.29354  2.67741  2.69355  4.24690  2.90347  2.73739  3.18146  2.89801  2.37887  2.77519  2.98518  4.58477  3.61503
          0.03144  3.87115  4.59349  0.61958  0.77255  0.52514  0.89520
     80   2.40439  4.29752  3.25615  2.88564  3.74664  3.10394  3.91816  3.12586  2.82190  2.39761  3.82182  3.20652  3.78056  3.20694  3.14414  1.59851  2.78642  2.81497  5.18368  3.86728     82 s - - -
          2.68618  4.42225  2.77519  2.73123  3.46354  2.40513  3.72494  3.29354  2.67741  2.69355  4.24690  2.90347  2.73739  3.18146  2.89801  2.37887  2.77519  2.98518  4.58477  3.61503
          0.03144  3.87115  4.59349  0.61958  0.77255  0.52514  0.89520
     81   2.72317  4.53025  3.15034  2.43009  3.50151  3.52274  3.71094  2.85956  2.64505  1.67050  3.53918  3.20938  3.96331  3.09255  2.95820  2.88592  2.97028  2.69119  5.00511  3.69683     83 l - - -
          2.68618  4.42225  2.77519  2.73123  3.46354  2.40513  3.72494  3.29354  2.67741  2.69355  4.24690  2.90347  2.73739  3.18146  2.89801  2.37887  2.77519  2.98518  4.58477  3.61503
          0.03784  3.87115  4.11681  0.61958  0.77255  0.52514  0.89520
     82   2.68329  5.09037  1.73017  2.04480  4.45071  3.11199  3.67091  3.90964  2.59465  3.46549  4.29031  2.71751  3.76191  2.82966  3.12504  2.31342  2.83498  3.51463  5.66346  4.23950     84 d - - -
          2.68618  4.42225  2.77519  2.73123  3.46354  2.40513  3.72494  3.29354  2.67741  2.69355  4.24690  2.90347  2.73739  3.18146  2.89801  2.37887  2.77519  2.98518  4.58477  3.61503
          0.03164  3.86495  4.58729  0.61958  0.77255  0.46731  0.98534
     83   2.61045  4.29550  3.52941  2.77657  3.31912  3.60706  3.89081  2.40970  2.89413  1.80946  3.33130  3.37572  3.92593  3.22617  3.22137  2.87836  2.57911  2.35344  4.92021  3.69141     85 l - - -
          2.68618  4.42225  2.77519  2.73123  3.46354  2.40513  3.72494  3.29354  2.67741  2.69355  4.24690  2.90347  2.73739  3.18146  2.89801  2.37887  2.77519  2.98518  4.58477  3.61503
          0.03028  3.90831  4.63066  0.61958  0.77255  0.48227  0.96072
     84   2.19403  4.53827  2.90420  2.36732  4.04317  3.21773  3.76008  3.42271  2.60830  3.04278  3.92493  2.99288  3.76337  2.91676  3.01960  1.83565  2.65436  3.06948  5.34927  4.05182     86 s - - -
          2.68621  4.42228  2.77523  2.73124  3.46357  2.40513  3.72498  3.29357  2.67742  2.69358  4.24693  2.90350  2.73743  3.18101  2.89804  2.37881  2.77521  2.98522  4.58480  3.61506
          0.17242  1.90593  4.63659  0.63889  0.75052  0.48576  0.95510
     85   2.62666  4.98394  1.86782  2.24167  4.33462  2.97930  3.64605  3.78847  2.46841  3.22836  4.15376  2.78800  3.19797  2.76318  3.00685  2.45889  2.91762  3.40400  5.54563  4.15265     89 d - - -
          2.68618  4.42225  2.77519  2.73123  3.46354  2.40513  3.72494  3.29354  2.67741  2.69355  4.24690  2.90347  2.73739  3.18146  2.89801  2.37887  2.77519  2.98518  4.58477  3.61503
          0.04000  3.91424  3.94993  0.61958  0.77255  0.48576  0.95510
     86   2.40911  4.23200  3.48799  2.97433  3.36429  3.55180  3.84247  2.59121  2.82957  2.19417  2.36472  3.34737  3.94176  3.19841  3.14774  2.82412  2.68927  2.40973  4.84655  3.63103     90 l - - -
          2.68618  4.42225  2.77519  2.73123  3.46354  2.40513  3.72494  3.29354  2.67741  2.69355  4.24690  2.90347  2.73739  3.18146  2.89801  2.37887  2.77519  2.98518  4.58477  3.61503
          0.03039  3.90463  4.62698  0.61958  0.77255  0.48014  0.96417
     87   2.59097  4.63384  3.01909  2.60489  4.11808  1.93158  3.71553  3.54353  2.34410  3.15131  4.00082  3.04011  3.81205  2.90261  2.22188  2.66869  2.89262  3.19244  5.32655  4.06425     91 g - - -
          2.68618  4.42225  2.77519  2.73123  3.46354  2.40513  3.72494  3.29354  2.67741  2.69355  4.24690  2.90347  2.73739  3.18146  2.89801  2.37887  2.77519  2.98518  4.58477  3.61503
          0.03009  3.91424  4.63659  0.61958  0.77255  0.48576  0.95510
     88   2.57014  4.29272  2.98070  2.86936  3.42353  3.53372  3.81168  2.49849  2.82050  2.46651  3.40274  3.27732  3.92599  3.13720  3.17461  2.76396  2.81074  1.85562  4.60756  3.63959     92 v - - -
          2.68618  4.42225  2.77519  2.73123  3.46354  2.40513  3.72494  3.29354  2.67741  2.69355  4.24690  2.90347  2.73739  3.18146  2.89801  2.37887  2.77519  2.98518  4.58477  3.61503
          0.03009  3.91424  4.63659  0.61958  0.77255  0.48576  0.95510
     89   2.81654  4.26564  4.23294  3.71748  3.45319  3.96327  4.45035  1.66247  3.58945  2.18023  3.35126  3.97338  4.35496  3.89173  3.82776  3.21857  3.08825  1.28923  5.17388  3.95692     93 v - - -
          2.68618  4.42225  2.77519  2.73123  3.46354  2.40513  3.72494  3.29354  2.67741  2.69355  4.24690  2.90347  2.73739  3.18146  2.89801  2.37887  2.77519  2.98518  4.58477  3.61503
          0.03009  3.91424  4.63659  0.61958  0.77255  0.48576  0.95510
     90   2.30196  4.30026  2.93798  2.75758  4.21380  2.65896  3.97339  3.62792  2.90393  3.29411  4.12407  3.09075  3.68458  3.20134  3.28582  1.44115  2.45966  3.15026  5.53197  4.26419     94 s - - -
          2.68618  4.42225  2.77519  2.73123  3.46354  2.40513  3.72494  3.29354  2.67741  2.69355  4.24690  2.90347  2.73739  3.18146  2.89801  2.37887  2.77519  2.98518  4.58477  3.61503
          0.03009  3.91424  4.63659  0.61958  0.77255  0.48576  0.95510
     91   3.05235  4.88890  3.54723  3.04939  4.25406  3.53256  3.85422  3.79851  2.25380  3.30684  4.30576  3.40602  4.03296  3.07233  0.91646  3.13440  3.31536  3.52061  5.32008  4.17217     95 r - - -
          2.68618  4.42225  2.77519  2.73123  3.46354  2.40513  3.72494  3.29354  2.67741  2.69355  4.24690  2.90347  2.73739  3.18146  2.89801  2.37887  2.77519  2.98518  4.58477  3.61503
          0.03009  3.91424  4.63659  0.61958  0.77255  0.48576  0.95510
     92   2.75788  4.75607  2.73119  2.62079  4.12611  3.21183  3.95444  3.84532  2.86154  3.48741  4.44229  1.08620  3.86567  3.22714  3.21772  2.82339  3.14104  3.46331  5.42722  4.07134     96 n - - -
          2.68618  4.42225  2.77519  2.73123  3.46354  2.40513  3.72494  3.29354  2.67741  2.69355  4.24690  2.90347  2.73739  3.18146  2.89801  2.37887  2.77519  2.98518  4.58477  3.61503
          0.03009  3.91424  4.63659  0.61958  0.77255  0.48576  0.95510
     93   2.63365  0.85952  4.16267  3.91169  3.89325  3.24795  4.54957  3.04391  3.73879  2.95760  4.08018  3.88752  3.95821  4.08316  3.85583  2.90541  3.10390  2.78572  5.30078  4.18069     97 c - - -
          2.68618  4.42225  2.77519  2.73123  3.46354  2.40513  3.72494  3.29354  2.67741  2.69355  4.24690  2.90347  2.73739  3.18146  2.89801  2.37887  2.77519  2.98518  4.58477  3.61503
          0.03009  3.91424  4.63659  0.61958  0.77255  0.48576  0.95510
     94   2.43502  4.28022  3.46497  3.21874  4.00556  3.11817  4.23290  3.13777  3.16254  2.99979  4.04751  3.42153  3.82515  3.55524  3.41931  2.63674  1.10305  2.82829  5.43969  4.22215     98 t - - -
          2.68618  4.42225  2.77519  2.73123  3.46354  2.40513  3.72494  3.29354  2.67741  2.69355  4.24690  2.90347  2.73739  3.18146  2.89801  2.37887  2.77519  2.98518  4.58477  3.61503
          0.03009  3.91424  4.63659  0.61958  0.77255  0.48576  0.95510
     95   2.87165  5.17928  2.40616  1.28859  4.49492  3.28815  3.71690  3.92222  2.33733  3.49241  4.37385  2.81159  3.85117  2.88742  2.90857  2.82260  3.14075  3.57122  5.65431  4.28516     99 e - - -
          2.68618  4.42225  2.77519  2.73123  3.46354  2.40513  3.72494  3.29354  2.67741  2.69355  4.24690  2.90347  2.73739  3.18146  2.89801  2.37887  2.77519  2.98518  4.58477  3.61503
          0.03009  3.91424  4.63659  0.61958  0.77255  0.48576  0.95510
     96   2.85981  5.38346  1.42192  1.91157  4.65507  3.17101  3.70403  4.16504  2.68561  3.67953  4.51935  2.43510  3.79908  2.86683  3.25804  2.76111  3.13983  3.75376  5.84691  4.20380    100 d - - -
          2.68618  4.42225  2.77519  2.73123  3.46354  2.40513  3.72494  3.29354  2.67741  2.69355  4.24690  2.90347  2.73739  3.18146  2.89801  2.37887  2.77519  2.98518  4.58477  3.61503
          0.03009  3.91424  4.63659  0.61958  0.77255  0.48576  0.95510
     97   2.71687  4.48838  3.39922  3.30382  4.44575  0.66747  4.42172  4.05536  3.49079  3.70430  4.68024  3.56346  3.88086  3.81162  3.72243  2.88995  3.20135  3.57560  5.53005  4.54900    101 G - - -
          2.68618  4.42225  2.77519  2.73123  3.46354  2.40513  3.72494  3.29354  2.67741  2.69355  4.24690  2.90347  2.73739  3.18146  2.89801  2.37887  2.77519  2.98518  4.58477  3.61503
          0.03009  3.91424  4.63659  0.61958  0.77255  0.48576  0.95510
     98   3.40500  4.76485  4.15505  3.87133  2.70904  3.77694  3.95119  3.43019  3.59256  2.81795  4.06208  4.01191  4.29812  3.97801  3.71362  3.60832  3.70747  3.32169  0.80511  2.70893    102 w - - -
          2.68618  4.42225  2.77519  2.73123  3.46354  2.40513  3.72494  3.29354  2.67741  2.69355  4.24690  2.90347  2.73739  3.18146  2.89801  2.37887  2.77519  2.98518  4.58477  3.61503
          0.03009  3.91424  4.63659  0.61958  0.77255  0.48576  0.95510
     99   2.23916  4.18241  3.26940  3.02009  4.18399  2.94342  4.12483  3.54945  3.05932  3.29495  4.17086  3.22726  3.67907  3.39742  3.36408  1.23040  2.40780  3.06941  5.54990  4.29651    103 s - - -
          2.68618  4.42225  2.77519  2.73123  3.46354  2.40513  3.72494  3.29354  2.67741  2.69355  4.24690  2.90347  2.73739  3.18146  2.89801  2.37887  2.77519  2.98518  4.58477  3.61503
          0.03009  3.91424  4.63659  0.61958  0.77255  0.48576  0.95510
    100   2.88900  5.32196  2.03688  1.23061  4.62202  3.21457  3.74293  4.10357  2.71010  3.65780  4.52705  2.71219  3.82135  2.91680  3.24782  2.80362  3.17655  3.71495  5.81147  4.36810    104 e - - -
          2.68618  4.42225  2.77519  2.73123  3.46354  2.40513  3.72494  3.29354  2.67741  2.69355  4.24690  2.90347  2.73739  3.18146  2.89801  2.37887  2.77519  2.98518  4.58477  3.61503
          0.03009  3.91424  4.63659  0.61958  0.77255  0.48576  0.95510
    101   2.56463  4.57951  2.91286  2.60267  3.93356  3.24405  3.20614  3.48300  2.58784  3.10544  3.99092  3.03921  1.80213  3.01107  2.94128  2.65758  2.76205  3.14090  5.27564  3.93101    105 p - - -
          2.68618  4.42225  2.77519  2.73123  3.46354  2.40513  3.72494  3.29354  2.67741  2.69355  4.24690  2.90347  2.73739  3.18146  2.89801  2.37887  2.77519  2.98518  4.58477  3.61503
          0.03009  3.91424  4.63659  0.61958  0.77255  0.48576  0.95510
    102   3.28716  4.68471  4.31175  3.97110  1.09986  4.11778  3.75522  2.75769  3.84160  2.08763  3.45452  4.00070  4.50127  3.98372  3.96953  3.54529  3.55633  2.75629  3.98014  2.28714    106 f - - -
          2.68618  4.42225  2.77519  2.73123  3.46354  2.40513  3.72494  3.29354  2.67741  2.69355  4.24690  2.90347  2.73739  3.18146  2.89801  2.37887  2.77519  2.98518  4.58477  3.61503
          0.03009  3.91424  4.63659  0.61958  0.77255  0.48576  0.95510
    103   2.80676  4.55737  3.41840  3.26331  4.25524  3.24250  4.33749  3.81119  3.32415  3.43358  4.48509  3.56590  0.75351  3.71166  3.56511  2.97551  3.25157  3.45183  5.43053  4.37641    107 p - - -
          2.68618  4.42225  2.77519  2.73123  3.46354  2.40513  3.72494  3.29354  2.67741  2.69355  4.24690  2.90347  2.73739  3.18146  2.89801  2.37887  2.77519  2.98518  4.58477  3.61503
          0.03009  3.91424  4.63659  0.61958  0.77255  0.48576  0.95510
    104   3.04051  4.85082  3.16640  2.93041  3.31387  3.48270  1.05737  3.74990  2.77232  3.23868  4.28477  3.33811  4.03746  3.29715  3.03560  3.11077  3.34524  3.48421  4.77841  3.26353    108 h - - -
          2.68618  4.42225  2.77519  2.73123  3.46354  2.40513  3.72494  3.29354  2.67741  2.69355  4.24690  2.90347  2.73739  3.18146  2.89801  2.37887  2.77519  2.98518  4.58477  3.61503
          0.03009  3.91424  4.63659  0.61958  0.77255  0.48576  0.95510
    105   3.30730  4.77937  3.89979  3.63688  2.29447  3.87870  3.63790  3.31066  3.49319  2.75385  3.98132  3.77478  4.35151  3.78922  3.66840  3.43989  3.59414  3.18317  3.93988  0.89907    109 y - - -
          2.68618  4.42225  2.77519  2.73123  3.46354  2.40513  3.72494  3.29354  2.67741  2.69355  4.24690  2.90347  2.73739  3.18146  2.89801  2.37887  2.77519  2.98518  4.58477  3.61503
          0.03009  3.91424  4.63659  0.61958  0.77255  0.48576  0.95510
    106   2.74536  4.26050  3.92636  3.38723  1.88781  3.75951  3.75276  2.59657  3.28228  2.21142  3.31914  3.61144  4.12466  3.51162  3.51112  2.77749  2.97998  2.39250  4.26129  2.39904    110 f - - -
          2.68618  4.42225  2.77519  2.73123  3.46354  2.40513  3.72494  3.29354  2.67741  2.69355  4.24690  2.90347  2.73739  3.18146  2.89801  2.37887  2.77519  2.98518  4.58477  3.61503
          0.03009  3.91424  4.63659  0.61958  0.77255  0.48576  0.95510
    107   2.93650  5.41612  1.19301  1.91602  4.71280  3.18623  3.77034  4.21715  2.81156  3.76454  4.64998  2.67806  3.82379  2.95205  3.39751  2.83072  3.23734  3.81524  5.91195  4.43496    111 d - - -
          2.68618  4.42225  2.77519  2.73123  3.46354  2.40513  3.72494  3.29354  2.67741  2.69355  4.24690  2.90347  2.73739  3.18146  2.89801  2.37887  2.77519  2.98518  4.58477  3.61503
          0.03009  3.91424  4.63659  0.61958  0.77255  0.48576  0.95510
    108   0.95521  4.21276  3.50485  3.29789  4.09382  3.03622  4.31502  3.22557  3.31522  3.10527  4.13239  3.43700  3.77937  3.65252  3.56297  2.56263  2.84287  2.87275  5.51680  4.32165    112 a - - -
          2.68618  4.42225  2.77519  2.73123  3.46354  2.40513  3.72494  3.29354  2.67741  2.69355  4.24690  2.90347  2.73739  3.18146  2.89801  2.37887  2.77519  2.98518  4.58477  3.61503
          0.03009  3.91424  4.63659  0.61958  0.77255  0.48576  0.95510
    109   2.63365  0.85952  4.16267  3.91169  3.89325  3.24795  4.54957  3.04391  3.73879  2.95760  4.08018  3.88752  3.95821  4.08316  3.85583  2.90541  3.10390  2.78572  5.30078  4.18069    113 c - - -
          2.68618  4.42225  2.77519  2.73123  3.46354  2.40513  3.72494  3.29354  2.67741  2.69355  4.24690  2.90347  2.73739  3.18146  2.89801  2.37887  2.77519  2.98518  4.58477  3.61503
          0.03009  3.91424  4.63659  0.61958  0.77255  0.48576  0.95510
    110   2.64119  4.68147  2.29217  2.53077  4.41122  1.23903  3.97573  3.91585  2.98117  3.54945  4.42945  3.00051  3.79680  3.21061  3.42177  2.70987  3.03979  3.47186  5.63262  4.36582    114 g - - -
          2.68618  4.42225  2.77519  2.73123  3.46354  2.40513  3.72494  3.29354  2.67741  2.69355  4.24690  2.90347  2.73739  3.18146  2.89801  2.37887  2.77519  2.98518  4.58477  3.61503
          0.03009  3.91424  4.63659  0.61958  0.77255  0.48576  0.95510
    111   3.26751  4.67232  4.33571  4.00051  1.09614  4.08473  3.85615  2.69153  3.87156  2.00710  3.41657  4.04540  4.49053  4.02484  3.99689  3.55204  3.54996  2.69786  4.09097  2.44431    115 f - - -
          2.68618  4.42225  2.77519  2.73123  3.46354  2.40513  3.72494  3.29354  2.67741  2.69355  4.24690  2.90347  2.73739  3.18146  2.89801  2.37887  2.77519  2.98518  4.58477  3.61503
          0.03009  3.91424  4.63659  0.61958  0.77255  0.48576  0.95510
    112   2.76444  5.19982  1.37980  2.09583  4.40499  3.23012  3.70786  3.91085  2.66585  3.49332  4.35793  2.72536  3.80909  2.88350  3.20030  2.75261  3.09249  3.54804  5.66894  3.81464    116 d - - -
          2.68618  4.42225  2.77519  2.73123  3.46354  2.40513  3.72494  3.29354  2.67741  2.69355  4.24690  2.90347  2.73739  3.18146  2.89801  2.37887  2.77519  2.98518  4.58477  3.61503
          0.03009  3.91424  4.63659  0.61958  0.77255  0.48576  0.95510
    113   2.70695  5.05453  2.18236  1.62801  4.31847  3.28685  3.64772  3.26628  2.50636  3.32308  4.15730  2.78278  3.79043  2.79880  3.00421  2.67719  2.96168  3.36710  5.54580  4.14503    117 e - - -
          2.68618  4.42225  2.77519  2.73123  3.46354  2.40513  3.72494  3.29354  2.67741  2.69355  4.24690  2.90347  2.73739  3.18146  2.89801  2.37887  2.77519  2.98518  4.58477  3.61503
          0.03009  3.91424  4.63659  0.61958  0.77255  0.48576  0.95510
    114   2.77046  4.66892  2.98503  2.69719  3.00589  3.48384  3.63766  3.30293  2.74090  2.90936  3.85906  2.31709  3.95771  3.09337  3.10421  2.85593  3.03456  3.04688  4.55470  1.86325    118 y - - -
          2.68618  4.42225  2.77519  2.73123  3.46354  2.40513  3.72494  3.29354  2.67741  2.69355  4.24690  2.90347  2.73739  3.18146  2.89801  2.37887  2.77519  2.98518  4.58477  3.61503
          0.03009  3.91424  4.63659  0.61958  0.77255  0.48576  0.95510
    115   2.83460  5.26346  2.17258  1.32464  4.56213  3.22006  3.70676  4.04412  2.63070  3.59142  4.43952  2.52916  3.80783  2.87336  3.14666  2.76081  3.11555  3.61636  5.76080  4.31374    119 e - - -
          2.68618  4.42225  2.77519  2.73123  3.46354  2.40513  3.72494  3.29354  2.67741  2.69355  4.24690  2.90347  2.73739  3.18146  2.89801  2.37887  2.77519  2.98518  4.58477  3.61503
          0.10147  3.91424  2.57004  0.61958  0.77255  0.48576  0.95510
    116   2.51776  4.59132  2.87227  2.29996  3.95634  3.27396  3.67535  3.35006  2.51092  2.99309  3.83560  2.94613  3.24499  2.86346  2.93402  2.27378  2.28034  3.02539  5.26147  3.84449    120 s - - -
          2.68618  4.42225  2.77519  2.73123  3.46354  2.40513  3.72494  3.29354  2.67741  2.69355  4.24690  2.90347  2.73739  3.18146  2.89801  2.37887  2.77519  2.98518  4.58477  3.61503
          0.02185  3.83463        *  0.61958  0.77255  0.00000        *
//
